district	type	rt1	rt2	rt3	rt4	rt5	rt6	rt7	price	population	height	longitude	latitude	attraction	building	busstop	community	mall	primaryschool	restaurant	secondaryschool	university	deltausers
东城区	纯住宅	1	1	1	1	1	0	1	54945.0	469.0	14.0	116.438995	39.899174	2	7	2	30	0	1	33	1	0	-124
朝阳区	写字楼	1	1	1	1	1	0	1	NULL	3520.0	16.0	116.46019	39.96006	1	1	2	17	0	1	26	1	0	-106
朝阳区	写字楼	1	1	1	1	1	0	0	NULL	3520.0	29.0	116.463646	39.95706	1	9	2	20	2	0	46	1	0	-227
东城区	纯住宅	0	1	1	1	1	1	0	49000.0	193.0	7.0	116.43368	39.89946	1	7	3	57	0	1	14	0	0	-41
东城区	商住两用	1	1	0	1	1	1	1	42000.0	3960.0	15.0	116.431496	39.899223	2	2	2	67	0	2	3	0	0	-26
朝阳区	纯住宅	1	1	1	1	1	0	0	NULL	420.0	24.0	116.43342	39.960114	0	2	2	61	0	0	37	2	1	-57
朝阳区	商住两用	1	1	1	1	1	0	0	52000.0	2640.0	24.0	116.434875	39.957176	1	5	3	50	0	1	24	1	0	-47
东城区	商住两用	1	1	1	1	0	1	1	65000.0	5280.0	8.0	116.43234	39.91487	5	8	5	6	0	0	48	0	0	-74
朝阳区	商住两用	1	1	1	1	0	1	1	47609.0	6600.0	15.0	116.44179	39.95688	2	6	1	18	1	2	7	2	0	-62
朝阳区	纯住宅	1	1	1	1	1	0	0	46000.0	1092.0	14.0	116.463806	39.99503	0	0	1	167	0	0	19	0	0	-75
朝阳区	商住两用	1	1	1	1	1	1	1	49300.0	1320.0	13.5	116.44066	39.906982	8	2	0	28	2	1	3	1	0	-184
朝阳区	商住两用	1	1	1	1	1	1	1	49500.0	1320.0	18.0	116.44032	39.907948	9	5	2	13	1	1	8	0	0	-164
朝阳区	纯住宅	1	1	1	1	1	0	1	60000.0	9800.0	14.5	116.480225	39.898346	1	8	2	21	1	0	61	0	0	-111
朝阳区	商住两用	1	1	1	0	0	0	1	47000.0	1320.0	8.0	116.452286	39.913197	5	13	2	53	1	2	96	0	0	-98
朝阳区	酒店式公寓	1	1	1	1	1	0	0	40000.0	5280.0	22.5	116.48497	39.97504	0	0	2	18	0	0	4	0	0	-56
朝阳区	商住两用	1	0	0	0	0	1	1	45000.0	9240.0	15.0	116.387054	39.977253	5	18	0	8	0	0	42	0	0	-61
海淀区	商住两用	1	1	1	1	1	0	0	40478.0	5280.0	28.0	116.40905	40.056686	0	1	0	23	0	0	2	0	0	-44
朝阳区	写字楼	1	1	1	1	1	0	1	NULL	3520.0	17.0	116.43921	39.924816	3	11	0	4	1	2	38	0	0	-272
朝阳区	写字楼	1	0	1	0	1	0	1	NULL	3520.0	14.0	116.39074	39.97107	0	6	1	16	1	0	27	0	0	-104
朝阳区	写字楼	1	1	1	1	1	0	1	NULL	3520.0	18.0	116.48495	39.92322	0	3	4	68	0	3	42	2	1	-54
东城区	商住两用	1	1	1	0	1	0	0	53500.0	7920.0	18.0	116.440796	39.93024	2	18	3	5	0	0	23	0	0	-59
东城区	商住两用	1	1	1	0	0	1	1	45000.0	2640.0	18.0	116.40676	39.953545	2	0	0	12	0	1	21	3	0	-85
东城区	写字楼	1	1	1	1	1	0	1	56000.0	3520.0	14.5	116.38631	39.950912	3	0	1	28	0	1	40	0	1	-59
朝阳区	酒店式公寓	1	1	1	1	1	1	1	45000.0	1320.0	22.0	116.418495	39.98415	5	5	2	29	0	1	9	0	0	-70
东城区	纯住宅	1	1	1	1	1	0	0	46673.0	644.0	18.0	116.43703	39.934093	7	2	0	16	0	1	29	0	0	-188
东城区	纯住宅	1	1	1	0	0	0	1	52000.0	2094.75	15.5	116.40908	39.958862	3	13	1	33	0	1	14	1	0	-92
东城区	商住两用	1	1	0	0	0	1	0	32000.0	1320.0	8.0	116.408165	39.96967	3	4	1	34	0	0	26	2	0	-112
朝阳区	商住两用	1	1	0	0	1	0	1	39000.0	3960.0	24.0	116.423454	39.994686	1	4	5	26	2	0	21	0	0	-123
朝阳区	商住两用	1	0	0	0	0	0	1	35000.0	1306.8	22.0	116.42466	39.995148	0	5	6	28	2	0	14	0	0	-123
海淀区	写字楼	1	1	1	1	0	0	0	55000.0	3520.0	13.0	116.365364	39.973625	3	0	2	14	0	0	20	0	1	-89
海淀区	纯住宅	1	1	1	0	0	0	0	48500.0	2940.0	22.5	116.37461	39.980198	1	8	3	21	0	0	17	0	0	-119
朝阳区	纯住宅	1	1	1	1	1	0	0	56000.0	1050.0	24.0	116.471146	39.92911	10	11	1	44	0	2	23	1	2	-86
朝阳区	商住两用	1	1	0	0	0	0	1	30000.0	5280.0	17.0	116.41555	39.991318	1	3	1	21	0	0	25	0	0	-66
朝阳区	纯住宅	1	1	0	0	1	0	1	42000.0	1120.0	16.5	116.4111	39.99449	2	6	2	2	0	0	9	0	0	-122
朝阳区	纯住宅	1	1	1	1	0	0	1	50000.0	826.0	12.0	116.4084	40.003593	0	2	3	181	0	1	18	2	0	-222
朝阳区	纯住宅	1	1	1	0	0	0	1	48389.0	245.0	8.0	116.47386	39.94596	13	0	0	8	0	0	1	0	0	-51
昌平区	商住两用	1	1	1	1	1	0	0	40478.0	5280.0	29.0	116.40905	40.056686	0	1	0	23	0	0	2	0	0	-44
朝阳区	商住两用	1	1	1	0	0	0	1	40000.0	3762.0	26.5	116.40843	40.007713	1	2	1	75	0	1	5	2	0	-117
朝阳区	写字楼	1	1	0	1	0	0	0	NULL	3520.0	6.0	116.46425	39.955727	4	5	2	5	6	0	76	0	0	-129
西城区	写字楼	1	1	0	0	0	0	1	NULL	7040.0	29.0	116.35455	39.918045	2	6	2	50	0	1	27	2	0	-104
朝阳区	商住两用	1	1	0	0	0	0	1	36000.0	5280.0	23.0	116.4069	40.006348	1	0	1	94	0	0	7	1	0	-157
朝阳区	商住两用	1	1	1	1	1	1	1	50000.0	3960.0	27.0	116.40348	40.004345	5	0	0	1	0	0	19	0	0	-107
朝阳区	商住两用	1	1	0	0	0	0	0	36000.0	1320.0	23.5	116.40558	40.00335	1	2	1	78	0	0	7	1	0	-145
海淀区	商住两用	1	1	0	0	0	0	0	56485.0	10560.0	15.0	116.35435	39.952396	0	5	5	121	0	1	29	0	2	-117
海淀区	商住两用	1	1	0	0	0	0	1	49000.0	5280.0	16.0	116.36294	39.95198	0	9	4	62	0	0	28	0	0	-73
海淀区	纯住宅	1	1	1	0	0	0	1	51885.0	963.0	15.0	116.357574	39.948742	0	19	4	48	3	2	86	0	0	-44
海淀区	纯住宅	1	1	0	0	0	0	1	67000.0	1103.0	20.0	116.35864	39.946487	0	21	5	42	4	0	93	0	0	-58
西城区	商住两用	1	1	0	0	0	0	1	41163.0	1267.2	14.0	116.360214	39.936214	2	7	4	28	1	1	22	1	0	-130
海淀区	写字楼	1	1	0	0	0	0	1	NULL	3520.0	18.0	116.30415	39.923286	0	3	2	32	1	0	9	2	0	-111
海淀区	写字楼	1	1	0	0	0	0	0	NULL	3520.0	10.0	116.32055	39.903282	0	6	1	16	0	1	15	1	1	-125
海淀区	纯住宅	1	1	1	1	0	1	0	51000.0	4113.0	16.0	116.30161	39.935287	2	1	0	17	0	0	1	0	0	-31
西城区	纯住宅	1	1	1	0	0	0	0	47000.0	1575.0	23.0	116.329575	NULL	103498	NULL	NULL	NULL	NULL	1	0	0	1	-125
西城区	纯住宅	1	1	0	0	0	0	1	48000.0	1344.0	21.0	116.35406	39.88996	1	10	2	20	0	1	34	0	1	-170
丰台区	纯住宅	1	1	1	1	1	0	0	53536.0	2100.0	21.5	116.33902	39.875477	0	0	1	0	0	0	6	0	0	-65
西城区	写字楼	1	1	0	0	1	0	1	39000.0	7040.0	20.0	116.35193	39.870102	0	0	1	10	0	0	0	0	0	-29
丰台区	写字楼	1	1	1	0	0	0	0	33300.0	3520.0	24.0	116.36587	39.868973	2	0	0	19	0	1	3	1	0	-86
西城区	纯住宅	1	1	1	1	0	0	0	55284.0	2310.0	11.5	116.37221	39.888496	1	2	4	29	0	0	27	0	3	-95
西城区	商住两用	1	1	1	0	1	0	1	48668.0	3960.0	19.0	116.37552	39.89494	3	1	1	16	0	0	34	0	0	-244
丰台区	写字楼	1	1	0	0	1	0	1	NULL	3520.0	16.0	116.386185	39.851917	0	0	2	56	0	0	19	1	0	-69
丰台区	纯住宅	1	1	1	0	0	0	1	42000.0	893.0	13.5	116.413155	39.860718	0	7	2	25	0	1	18	4	0	-46
丰台区	纯住宅	1	1	1	1	1	0	1	45000.0	1782.0	22.0	116.44402	39.865997	0	6	6	34	0	1	23	4	0	-71
丰台区	纯住宅	1	1	0	0	0	0	1	38000.0	2135.0	14.0	116.424866	39.858982	0	1	2	20	0	1	7	0	0	-60
朝阳区	纯住宅	1	1	1	1	1	0	1	32992.0	420.0	12.0	116.630295	40.322193	0	0	0	1	0	0	2	1	0	-13
东城区	纯住宅	1	1	1	1	1	0	1	58635.0	3801.0	15.0	116.440735	39.889175	2	6	1	39	0	2	39	0	0	0
朝阳区	商住两用	1	1	1	1	1	1	1	27863.0	3960.0	38.0	116.46239	39.868584	3	2	1	1	0	0	11	0	0	-79
朝阳区	写字楼	1	1	1	1	1	0	1	NULL	10560.0	16.0	116.45972	39.868374	1	2	0	1	0	0	6	0	0	-174
朝阳区	纯住宅	1	1	1	1	0	0	1	40000.0	956.0	24.0	116.45972	39.868374	1	2	0	1	0	0	6	0	0	-174
朝阳区	酒店式公寓	1	1	1	1	1	0	0	30395.0	2640.0	20.0	116.46549	39.869534	4	5	4	0	0	1	29	0	0	-59
朝阳区	纯住宅	1	1	1	0	0	0	0	40000.0	1540.0	23.0	116.464874	39.885082	0	4	4	79	0	0	44	0	0	-64
海淀区	商住两用	1	1	0	0	0	1	1	65000.0	3960.0	16.0	116.32023	39.975574	4	3	0	21	0	0	15	0	1	-130
海淀区	写字楼	1	1	1	1	1	0	0	NULL	3520.0	24.0	116.30727	39.97308	0	8	3	91	0	0	23	3	0	-121
海淀区	写字楼	1	1	0	0	0	0	1	45000.0	3520.0	24.0	116.33193	39.976788	3	2	2	43	0	2	44	1	0	-119
海淀区	纯住宅	1	1	1	1	1	0	1	61341.0	3535.0	18.5	116.298744	39.962772	2	3	2	51	5	1	30	0	0	-49
海淀区	酒店式公寓	1	1	1	0	0	0	1	65461.0	14520.0	26.0	116.31265	39.94216	1	22	1	12	1	0	29	0	4	-123
海淀区	写字楼	1	1	0	0	0	0	1	NULL	7040.0	10.5	116.31717	39.98168	2	22	2	32	0	1	42	2	2	-93
海淀区	纯住宅	1	1	0	0	1	0	1	40816.0	1022.0	19.0	116.328224	39.954666	0	9	1	20	0	0	16	0	4	-36
海淀区	写字楼	1	1	1	0	0	0	1	NULL	3520.0	12.0	116.30861	39.948414	1	6	4	16	0	1	19	0	1	-72
海淀区	纯住宅	1	1	1	0	0	0	0	60000.0	4620.0	19.0	116.34491	39.949284	26	0	1	22	0	0	6	0	0	-93
朝阳区	纯住宅	1	1	1	1	1	0	0	45000.0	3304.0	14.0	116.467674	39.94643	3	0	1	1	0	0	1	0	0	-86
海淀区	商住两用	1	1	1	0	0	0	0	46000.0	5280.0	21.0	116.31355	39.939312	1	10	2	20	0	0	16	0	0	-50
东城区	商住两用	1	1	1	1	1	0	1	45000.0	3960.0	14.5	116.44591	39.89505	4	11	2	55	0	0	30	1	0	-70
朝阳区	纯住宅	1	1	1	0	0	0	0	58000.0	4627.0	20.0	116.412094	39.975586	2	1	1	22	0	1	18	1	0	-25
朝阳区	商住两用	1	1	1	1	0	0	0	49377.0	2640.0	18.0	116.44074	39.97116	1	6	2	41	0	1	55	1	0	-35
朝阳区	纯住宅	1	1	1	0	0	0	0	44000.0	4200.0	17.0	116.44831	39.985344	0	2	1	13	0	0	1	0	0	0
西城区	纯住宅	1	1	0	1	1	0	1	72600.0	2800.0	17.0	116.37684	39.88481	1	2	2	65	0	1	18	1	0	-90
朝阳区	纯住宅	1	1	1	0	0	0	0	50000.0	959.0	22.0	116.464165	39.898598	2	8	2	49	1	0	40	1	0	-66
朝阳区	酒店式公寓	1	1	0	0	0	0	1	45000.0	3682.8	17.5	116.45907	39.892876	0	0	2	59	0	2	7	0	0	-114
西城区	纯住宅	1	1	0	1	1	1	1	72600.0	2657.0	17.0	116.37556	39.884815	1	0	2	85	0	1	17	1	0	-99
西城区	商住两用	1	1	0	0	1	0	1	38430.0	5280.0	23.0	116.34772	39.870804	0	1	1	16	0	0	5	0	0	-64
西城区	商住两用	1	1	0	0	0	0	1	36000.0	3960.0	24.0	116.34779	39.883633	0	0	2	28	0	0	8	0	0	-60
朝阳区	写字楼	1	0	1	0	1	0	0	NULL	21120.0	18.0	116.48735	39.898827	0	2	1	23	0	0	16	0	0	-89
朝阳区	商住两用	1	1	0	0	0	1	1	48200.0	3960.0	22.0	116.46742	39.995968	0	2	2	212	0	0	13	1	0	-190
朝阳区	纯住宅	1	1	0	0	0	0	1	55000.0	2310.0	22.0	116.63558	40.33053	0	0	2	23	0	1	10	1	0	-2
海淀区	商住两用	1	1	0	0	0	0	1	38000.0	1320.0	16.0	116.30331	39.90827	1	0	1	12	0	1	16	0	0	-200
海淀区	商住两用	1	1	0	1	0	1	1	72727.0	22440.0	17.5	116.348595	39.975735	1	0	1	5	0	1	12	0	0	-118
海淀区	纯住宅	1	1	1	1	0	1	0	56940.0	2688.0	16.5	116.30425	39.91544	2	7	3	59	1	0	57	0	0	0
海淀区	写字楼	1	0	0	0	0	0	1	NULL	7040.0	16.0	116.33372	39.898838	2	2	1	6	1	0	18	1	0	-127
海淀区	写字楼	1	0	0	0	0	0	1	NULL	3520.0	27.0	116.231415	39.766575	0	0	0	0	0	0	4	0	0	-5
海淀区	纯住宅	1	1	0	0	0	0	1	67000.0	1628.0	20.0	116.35864	39.946487	0	21	5	42	4	0	93	0	0	-58
朝阳区	商住两用	1	1	1	1	1	0	1	58000.0	34320.0	19.0	116.45945	39.89771	0	2	2	36	0	1	19	1	0	-219
朝阳区	纯住宅	1	1	1	1	0	0	0	35000.0	1085.0	26.0	116.45289	39.929657	24	16	2	46	1	0	54	2	0	-59
朝阳区	纯住宅	1	1	1	0	1	0	1	41000.0	4200.0	15.5	116.47329	39.842197	0	0	0	19	0	0	13	0	0	-12
朝阳区	写字楼	1	1	1	1	1	0	0	31000.0	3520.0	6.0	116.481544	39.973476	0	0	2	6	0	0	4	0	0	-52
西城区	商住两用	1	1	1	1	1	1	1	120000.0	13200.0	10.0	116.364136	39.91308	1	12	3	5	3	0	31	1	2	-110
大兴区	商住两用	1	1	1	1	1	0	1	29000.0	3960.0	11.0	116.500015	39.79962	0	0	4	18	0	0	2	0	0	-27
大兴区	写字楼	1	1	0	0	0	0	1	NULL	7040.0	5.5	116.50869	39.80059	1	1	4	18	0	0	0	0	0	-47
朝阳区	商住两用	1	1	1	0	1	0	0	50000.0	48840.0	8.5	116.46885	39.992973	0	4	3	163	0	0	11	1	1	-93
海淀区	写字楼	1	0	0	1	0	0	1	55000.0	17600.0	21.5	116.33502	39.98745	1	7	2	12	0	0	40	1	0	-132
朝阳区	商住两用	1	1	1	1	1	0	1	58000.0	5280.0	18.0	116.45556	39.927464	2	17	5	28	1	0	82	3	0	-114
海淀区	商住两用	1	1	0	0	0	0	1	48600.0	1320.0	15.0	116.31315	39.951443	2	6	3	27	0	1	59	0	0	-37
丰台区	纯住宅	0	1	1	0	0	0	0	34300.0	1512.0	18.0	116.38192	39.84981	0	2	0	34	0	0	15	1	0	-48
朝阳区	写字楼	1	1	1	1	0	0	1	NULL	3520.0	24.0	116.46722	39.884945	0	2	3	161	0	0	28	0	0	-92
朝阳区	写字楼	1	1	0	0	1	1	0	NULL	3520.0	4.0	116.49029	39.973705	1	1	0	26	0	0	13	0	0	-114
朝阳区	商住两用	1	1	1	1	1	1	1	40000.0	2640.0	27.0	116.44575	39.905087	6	2	1	26	1	0	8	0	0	-61
东城区	纯住宅	1	1	1	1	1	0	1	48458.0	3038.0	13.5	116.44238	39.897488	1	7	2	47	0	0	35	1	0	-109
朝阳区	写字楼	1	1	1	1	1	0	1	66200.0	3520.0	7.0	116.47245	39.90703	12	10	1	5	0	0	34	0	0	-113
朝阳区	纯住宅	1	1	1	0	0	0	1	43849.0	4534.44	16.5	116.47696	39.89014	0	6	3	127	0	0	25	0	0	-138
海淀区	写字楼	1	1	1	0	0	0	1	43000.0	3520.0	24.0	116.35311	39.97742	1	1	0	34	0	0	18	0	2	-262
海淀区	写字楼	1	1	1	0	0	0	1	37000.0	3414.4	20.0	116.3219	39.977184	2	10	1	25	1	0	8	1	2	-81
朝阳区	写字楼	1	1	1	1	1	0	1	42000.0	3520.0	24.0	116.41215	39.98287	5	10	2	10	0	0	10	0	0	-112
朝阳区	写字楼	1	1	1	1	1	0	0	NULL	3520.0	14.0	116.49029	39.973705	1	1	0	26	0	0	13	0	0	-114
海淀区	写字楼	1	1	1	0	0	0	1	NULL	2464.0	16.0	116.31941	39.97661	6	1	0	32	0	0	9	0	3	-138
海淀区	写字楼	1	0	0	0	0	0	1	37000.0	3520.0	19.0	116.30231	39.94566	0	1	2	38	0	0	6	0	0	-117
东城区	写字楼	1	1	1	1	1	0	0	NULL	3520.0	7.0	116.36829	39.86883	2	0	1	25	0	1	26	1	0	-71
朝阳区	纯住宅	1	1	1	1	0	0	1	41000.0	1050.0	18.5	116.45972	39.868374	1	2	0	1	0	0	6	0	0	-174
丰台区	纯住宅	1	1	0	0	0	0	0	30630.0	861.0	21.0	116.40764	39.84415	0	3	2	10	0	1	34	0	0	-17
东城区	商住两用	1	1	0	0	0	0	1	43000.0	1320.0	13.0	116.40883	39.962284	2	8	0	15	0	0	1	1	0	-63
西城区	纯住宅	1	0	0	0	0	0	1	44578.0	2450.0	20.0	116.33137	39.88354	3	1	2	28	2	0	42	0	0	-66
西城区	商住两用	1	1	1	0	0	0	0	66060.0	1320.0	16.0	116.39086	39.948032	11	0	1	6	0	1	20	1	0	-82
朝阳区	纯住宅	1	1	1	1	1	0	0	51000.0	910.0	17.0	116.47578	39.952496	1	3	1	63	0	1	58	0	0	-40
西城区	商住两用	1	1	1	1	1	0	1	67227.0	5280.0	10.5	116.38173	39.89718	1	0	2	7	0	0	30	0	0	-52
丰台区	纯住宅	1	1	1	0	0	0	1	40441.0	1225.0	14.0	116.4254	39.856766	0	1	2	34	0	1	9	1	0	-66
朝阳区	纯住宅	1	1	1	1	1	0	0	56300.0	3500.0	16.5	116.462585	39.992184	2	9	2	37	0	0	5	0	0	-68
丰台区	纯住宅	1	0	0	0	0	0	1	35000.0	3990.0	23.0	116.270325	39.881573	0	0	0	5	0	0	3	0	0	-65
东城区	商住两用	1	1	1	1	1	0	1	33500.0	1320.0	10.0	116.407	39.952415	3	0	0	13	0	1	25	3	0	-82
东城区	写字楼	1	1	0	1	1	0	0	NULL	3520.0	5.0	116.407	39.952415	3	0	0	13	0	1	25	3	0	-82
朝阳区	纯住宅	1	1	1	0	1	0	1	69644.0	630.0	9.5	116.41275	39.971844	3	5	2	20	1	0	31	1	0	-72
朝阳区	纯住宅	1	1	1	1	1	0	1	48014.0	4158.0	21.5	116.458015	39.98403	0	0	2	1	0	0	1	0	0	-117
丰台区	纯住宅	0	1	1	0	1	0	1	30000.0	8750.0	19.5	116.316055	39.851627	1	1	2	30	0	1	5	0	0	-20
朝阳区	写字楼	1	1	1	1	1	0	0	43000.0	6195.2	33.0	116.458496	39.915092	1	14	1	141	0	0	91	1	0	-177
海淀区	写字楼	1	1	1	1	0	0	1	NULL	3520.0	19.0	116.316345	39.97767	6	7	1	34	0	0	15	1	5	-189
石景山	写字楼	1	0	1	0	0	0	1	NULL	2640.0	12.0	116.19507	39.90702	0	3	0	0	0	0	6	0	0	-57
石景山	纯住宅	1	0	1	0	1	0	1	32000.0	4844.0	20.0	116.1905	39.925148	1	4	0	9	0	0	5	0	0	-40
东城区	纯住宅	1	1	1	1	1	0	1	58635.0	3801.0	15.0	116.440735	39.889175	2	6	1	39	0	2	39	0	0	0
东城区	写字楼	1	1	0	0	0	0	1	47000.0	3520.0	5.0	116.43597	39.884808	1	0	0	10	0	0	0	0	0	-86
海淀区	商住两用	1	1	1	0	0	0	1	40000.0	3960.0	13.0	116.27338	39.913467	0	4	5	37	1	0	52	0	0	-65
海淀区	纯住宅	1	1	1	1	1	1	1	62105.0	4823.0	7.5	116.27358	39.91765	0	1	1	31	0	0	11	0	0	-57
朝阳区	写字楼	1	1	1	1	1	0	1	NULL	3520.0	12.0	116.46987	39.93411	7	13	4	84	1	0	43	0	0	-39
朝阳区	写字楼	1	1	0	1	0	0	0	30000.0	3520.0	4.0	116.46274	39.931656	0	19	2	45	0	2	39	1	0	-105
朝阳区	商住两用	1	1	1	1	1	0	0	60000.0	2640.0	19.0	116.45159	39.92614	1	18	0	37	1	0	86	2	0	-67
海淀区	纯住宅	1	1	1	1	1	0	1	50000.0	9800.0	13.0	116.31769	40.043907	0	25	6	2	0	0	41	0	0	-39
东城区	写字楼	1	0	1	1	0	0	0	NULL	3520.0	10.0	116.43879	39.936237	10	16	2	5	0	0	44	0	0	-78
海淀区	商住两用	1	0	0	0	0	0	1	NULL	5068.8	17.0	116.30924	40.033775	0	2	0	0	0	0	21	0	0	-28
东城区	商住两用	1	1	1	1	1	1	1	61043.0	5280.0	24.0	116.4411	39.936172	4	22	2	8	0	0	43	0	0	-56
海淀区	写字楼	1	1	0	0	0	0	0	NULL	3520.0	12.0	116.31194	40.03599	0	0	0	0	0	0	1	0	0	-92
海淀区	纯住宅	1	1	0	0	0	0	1	39227.0	3430.0	17.5	116.344734	40.03163	0	2	1	5	0	0	3	0	0	-32
海淀区	纯住宅	1	1	0	0	0	0	1	33000.0	952.0	16.0	116.34444	40.039413	1	1	1	14	0	0	6	0	0	-52
海淀区	纯住宅	1	0	0	0	0	0	1	35000.0	3448.0	14.5	116.35961	40.03023	0	0	1	0	0	0	3	0	0	-33
海淀区	写字楼	1	1	0	0	0	0	1	52000.0	3520.0	15.0	116.30459	39.984318	0	0	1	0	0	0	0	0	0	-119
海淀区	写字楼	1	1	1	0	0	0	1	35000.0	3520.0	20.0	116.3081	39.966587	1	6	6	38	0	0	16	0	0	-188
海淀区	商住两用	1	1	0	0	0	0	0	48500.0	8962.8	22.0	116.3092	39.966137	1	7	3	28	0	0	14	0	0	-110
朝阳区	纯住宅	1	1	1	1	1	0	0	55000.0	1635.0	20.0	116.47153	39.906574	9	8	1	4	0	0	38	0	0	-154
朝阳区	纯住宅	1	1	0	0	0	0	1	39251.0	1456.0	23.0	116.46366	39.878353	2	6	2	68	0	0	32	0	0	-54
丰台区	写字楼	1	0	0	0	0	0	1	NULL	3344.0	9.0	116.3122	39.88258	0	0	1	18	0	0	10	0	0	-58
丰台区	纯住宅	1	1	0	1	1	1	1	40000.0	1267.0	22.0	116.30319	39.85823	0	2	1	13	0	0	15	0	0	-47
西城区	写字楼	1	1	1	0	1	0	1	50000.0	3520.0	6.0	116.38048	39.963722	0	6	1	41	0	0	15	0	0	-111
海淀区	写字楼	1	1	1	0	0	0	1	NULL	3520.0	20.0	116.329956	39.968773	1	15	2	15	2	0	81	0	1	-60
西城区	写字楼	0	1	0	0	0	0	1	52000.0	3520.0	11.0	116.39538	39.96345	2	1	0	35	0	2	13	0	0	-109
海淀区	写字楼	1	0	0	0	0	0	1	39500.0	3520.0	12.0	116.34364	39.961246	1	9	2	66	0	0	21	0	0	-61
海淀区	写字楼	1	1	0	0	0	0	1	55000.0	3520.0	23.0	116.32157	39.953793	3	1	0	19	0	0	11	0	2	-128
海淀区	写字楼	1	1	0	0	0	1	1	NULL	3273.6	12.0	116.32288	39.906776	1	1	0	29	0	1	9	0	0	-162
海淀区	写字楼	1	1	0	0	0	0	1	NULL	10560.0	10.0	116.32288	39.906776	1	1	0	29	0	1	9	0	0	-162
西城区	纯住宅	1	1	1	0	0	0	1	62000.0	8400.0	29.0	116.3415	39.887775	0	0	3	41	0	2	12	3	0	-193
海淀区	纯住宅	1	0	0	0	1	1	0	44680.0	3150.0	27.0	116.351006	40.011734	0	0	2	26	0	0	6	0	0	-72
海淀区	纯住宅	0	0	1	0	0	0	1	34000.0	2716.0	14.0	116.34685	40.008656	2	1	1	11	0	0	15	0	0	-21
海淀区	商住两用	1	1	0	0	0	0	1	51000.0	1320.0	18.0	116.34971	39.946705	25	2	1	25	0	0	22	0	0	-433
西城区	写字楼	1	1	0	0	1	0	0	58000.0	3520.0	16.0	116.34679	39.938503	0	2	1	48	0	2	8	0	2	-123
西城区	纯住宅	1	1	0	0	0	0	0	52749.0	392.0	17.0	116.34624	39.937027	0	2	1	55	0	1	6	0	0	-76
西城区	写字楼	1	1	1	0	0	0	1	NULL	3520.0	9.0	116.35256	39.92168	6	5	4	36	1	0	24	1	0	-138
西城区	商住两用	1	1	0	0	0	0	1	85000.0	1320.0	7.0	116.335686	39.914265	0	2	2	17	0	0	15	0	0	-41
西城区	写字楼	1	1	1	1	0	0	0	NULL	3520.0	20.0	116.359116	39.898552	3	6	2	41	0	2	24	0	0	-97
西城区	写字楼	1	1	0	0	1	0	1	49000.0	3520.0	5.0	116.3516	39.87525	0	7	1	15	0	1	10	0	0	-130
朝阳区	商住两用	1	1	0	0	0	0	1	43085.0	1320.0	24.0	116.41577	40.00242	4	25	2	28	3	0	46	2	0	-73
朝阳区	纯住宅	1	1	1	1	1	0	0	65000.0	1169.0	7.5	116.42129	40.006676	2	4	3	29	0	0	22	2	1	-3
朝阳区	商住两用	1	1	1	0	0	0	1	38000.0	2613.6	24.0	116.42112	39.992836	0	3	5	32	0	0	21	0	0	-97
朝阳区	商住两用	1	1	1	1	1	0	1	53777.0	9240.0	15.5	116.41934	39.992992	1	4	1	33	0	1	19	1	0	-50
朝阳区	纯住宅	1	0	1	0	0	0	0	32200.0	1050.0	8.0	116.41912	39.986	0	4	2	30	0	1	24	0	0	-87
朝阳区	商住两用	1	0	0	0	0	0	1	36500.0	1320.0	9.5	116.41671	39.98377	6	10	2	26	0	1	11	0	0	-86
朝阳区	纯住宅	1	1	0	0	0	0	1	52000.0	1369.0	10.0	116.41473	39.974377	2	15	0	10	0	0	43	0	0	-49
海淀区	写字楼	1	1	0	0	0	0	0	NULL	7040.0	17.0	116.33525	39.953213	2	11	0	43	0	0	12	0	1	-145
西城区	纯住宅	1	1	0	0	1	1	1	71000.0	350.0	6.0	116.38829	39.94736	4	0	1	8	1	0	25	1	0	-24
朝阳区	商住两用	1	1	1	1	0	0	1	41500.0	14520.0	24.0	116.52351	39.914085	1	4	2	7	0	0	39	0	0	-49
西城区	纯住宅	0	1	1	0	0	0	0	58180.0	564.0	5.0	116.392334	39.873386	0	0	2	21	0	0	11	0	0	-18
海淀区	写字楼	1	1	0	0	0	0	0	36780.0	3520.0	4.0	116.364815	39.980873	6	1	2	26	0	1	11	0	2	-53
海淀区	写字楼	1	1	1	1	0	0	1	55000.0	3520.0	13.0	116.311806	39.984512	2	23	1	25	0	1	46	2	1	-183
朝阳区	写字楼	1	1	1	1	1	0	0	NULL	3520.0	27.0	116.44032	39.907948	9	5	2	13	1	1	8	0	0	-164
朝阳区	商住两用	1	1	1	1	1	0	1	45000.0	6600.0	16.0	116.48147	39.900356	2	10	6	22	1	0	74	0	0	-81
海淀区	写字楼	1	1	0	0	0	0	0	48000.0	2816.0	6.0	116.3062	40.043434	0	1	0	1	0	0	38	0	0	-61
朝阳区	纯住宅	1	1	1	0	0	0	0	42000.0	5376.0	24.0	116.414536	39.999584	3	17	1	38	2	0	52	1	0	-65
丰台区	写字楼	0	0	0	0	0	1	1	NULL	7040.0	9.0	116.294266	39.85124	0	0	2	28	1	0	23	1	0	-19
丰台区	纯住宅	1	1	0	0	1	0	1	40000.0	14700.0	13.5	116.415504	39.838963	0	0	2	1	0	0	0	1	0	-82
东城区	纯住宅	1	1	1	1	1	0	0	48000.0	1911.0	13.5	116.40247	39.86816	0	0	0	33	4	1	45	0	0	-6
海淀区	写字楼	1	1	0	1	0	0	0	NULL	2921.6	10.0	116.365395	39.977356	3	2	0	15	0	0	5	1	2	-68
海淀区	写字楼	1	0	0	0	0	1	1	NULL	3520.0	10.0	116.30677	40.048027	0	4	1	0	0	0	43	0	0	-87
丰台区	纯住宅	1	1	1	1	1	0	1	31600.0	1190.0	13.0	116.44302	39.853767	0	12	3	8	0	0	48	0	1	-30
海淀区	纯住宅	1	1	1	1	0	0	1	65000.0	1435.0	16.0	116.319214	39.92759	3	2	4	4	0	1	7	0	1	-81
海淀区	写字楼	1	1	0	0	0	0	1	38005.0	3520.0	25.0	116.32661	39.933056	0	6	1	20	0	0	19	2	3	-232
海淀区	商住两用	1	0	1	0	0	0	1	65000.0	2640.0	22.0	116.32234	39.97487	2	8	0	13	0	0	18	0	1	-106
朝阳区	纯住宅	1	1	1	1	0	0	0	52080.0	511.0	12.0	116.41752	39.967854	0	2	5	44	0	2	31	1	0	-145
朝阳区	纯住宅	0	0	1	0	0	0	1	30000.0	1050.0	18.0	112.44127	34.60219	0	0	1	1	0	0	0	1	0	0
西城区	纯住宅	1	1	1	0	0	0	0	34988.0	1505.0	25.5	116.33707	39.888245	2	5	2	25	0	1	23	0	0	-85
朝阳区	写字楼	1	1	0	0	0	0	1	NULL	3520.0	13.0	116.47392	39.907265	13	4	2	7	0	0	25	0	0	-129
海淀区	写字楼	1	1	0	0	0	0	0	NULL	3520.0	5.0	116.31198	40.03877	0	1	2	8	0	0	5	1	0	-89
海淀区	纯住宅	1	1	0	0	1	0	1	65000.0	8274.0	19.0	116.3357	39.992546	0	6	5	12	0	0	6	0	0	-177
丰台区	纯住宅	1	1	0	0	0	0	1	40000.0	595.0	23.0	116.31643	39.87938	0	2	2	0	0	0	5	0	0	-93
朝阳区	商住两用	1	1	0	0	1	0	1	40000.0	3880.8	15.0	116.38249	39.973755	3	6	2	12	0	0	31	0	0	-125
海淀区	纯住宅	1	1	0	0	0	0	1	55984.0	739.0	22.0	116.30088	39.912457	0	3	3	16	1	0	3	0	0	-11
朝阳区	商住两用	1	1	1	1	1	0	0	50000.0	9240.0	19.0	116.474106	39.89412	0	1	2	14	0	0	15	0	0	-94
海淀区	纯住宅	1	1	0	0	0	0	1	35000.0	497.0	10.0	116.348145	39.952423	7	2	2	106	0	0	51	0	0	-116
朝阳区	商住两用	1	1	1	1	1	0	0	40000.0	2640.0	20.0	116.49136	39.960014	2	0	2	0	0	0	1	0	0	-68
朝阳区	纯住宅	1	1	1	1	1	0	1	50000.0	525.0	9.0	116.52757	39.913868	1	1	2	10	0	0	2	0	0	-22
朝阳区	纯住宅	1	1	1	1	1	0	1	41200.0	2926.0	22.0	116.47491	39.91647	2	22	2	0	0	0	50	0	0	-39
海淀区	写字楼	1	0	0	0	1	0	0	NULL	3520.0	12.0	116.31032	40.037956	0	0	0	0	0	0	0	0	0	-88
西城区	纯住宅	1	0	1	0	0	0	1	44464.0	1995.0	17.0	116.39381	39.9541	3	3	1	23	0	0	13	1	0	-50
海淀区	纯住宅	1	0	1	0	0	0	1	37500.0	2688.0	17.0	116.282906	39.957752	1	6	1	5	1	0	3	0	0	-82
朝阳区	纯住宅	1	1	0	0	0	0	1	35000.0	865.0	27.0	116.41372	40.002293	4	31	1	103	1	0	32	1	0	-71
丰台区	商住两用	1	1	0	0	0	0	1	43000.0	2640.0	27.0	116.40638	39.85766	0	0	1	15	0	0	43	0	0	-81
西城区	纯住宅	1	1	0	0	1	0	1	54000.0	924.0	25.0	116.36175	39.88357	1	5	2	62	0	1	35	2	2	-63
海淀区	纯住宅	1	1	1	0	1	1	1	85000.0	5003.46	4.5	116.30024	39.968693	0	0	1	7	0	1	2	0	0	-52
海淀区	写字楼	1	1	0	0	0	0	1	39800.0	3520.0	8.0	116.30327	39.95639	0	0	0	5	0	0	0	0	0	-49
海淀区	纯住宅	1	1	0	0	0	0	1	53226.0	683.0	10.0	116.37125	39.951687	0	5	2	34	0	0	7	1	0	-73
海淀区	商住两用	1	1	0	0	0	0	1	38886.0	5280.0	18.0	116.352844	40.01235	0	1	2	29	0	1	7	0	1	-44
朝阳区	写字楼	1	1	0	0	1	0	1	52000.0	3520.0	24.0	116.40896	39.998	3	17	2	9	0	0	34	0	0	-100
海淀区	纯住宅	1	1	1	0	0	0	1	40048.0	4634.0	13.5	116.32147	40.04035	0	11	6	51	0	0	57	0	0	-23
海淀区	写字楼	1	1	0	0	0	1	1	NULL	7040.0	7.0	116.323746	39.96326	2	1	1	27	0	0	48	0	0	-104
海淀区	纯住宅	1	0	0	0	0	0	1	34000.0	623.0	10.0	116.34871	40.035378	0	2	0	10	3	0	35	0	0	-57
丰台区	纯住宅	1	1	1	1	1	0	0	50000.0	350.0	8.0	116.440834	39.847935	0	0	0	3	0	0	1	0	0	-35
丰台区	纯住宅	1	1	1	0	0	0	0	38000.0	3927.0	16.0	116.4313	39.85122	1	3	2	17	1	0	19	0	0	-32
东城区	写字楼	1	1	1	1	1	0	1	40000.0	3520.0	15.0	116.4091	39.95754	2	12	3	32	0	1	13	1	0	-106
朝阳区	纯住宅	1	1	0	0	0	0	1	31800.0	840.0	20.0	116.42975	39.987247	0	10	1	36	0	1	82	1	0	-53
海淀区	写字楼	1	0	0	0	0	0	1	NULL	3379.2	26.0	116.33274	39.898453	1	3	1	4	0	0	24	1	0	-107
朝阳区	纯住宅	1	1	0	0	0	0	1	34150.0	865.0	14.0	116.43712	39.983902	1	2	2	14	0	0	28	0	1	-74
朝阳区	商住两用	1	1	1	1	1	0	1	48000.0	3960.0	11.0	116.417114	40.000694	2	8	2	38	2	0	52	2	0	-66
东城区	写字楼	1	1	1	1	1	0	1	NULL	3344.0	7.5	116.41592	39.938484	8	3	3	6	0	1	37	0	0	-99
东城区	写字楼	1	1	1	1	0	0	1	58000.0	3520.0	7.0	116.4175	39.91586	10	19	2	9	7	0	191	0	1	-463
东城区	纯住宅	1	1	0	0	0	0	0	52517.0	3329.0	17.5	116.422424	39.957462	19	2	4	31	0	0	7	0	0	-40
东城区	写字楼	1	1	0	1	0	0	1	NULL	3520.0	7.0	116.394485	39.961742	2	1	0	52	0	1	17	0	0	-68
丰台区	纯住宅	1	1	1	0	0	0	1	38000.0	1680.0	22.0	116.35989	39.849827	0	0	1	13	1	1	9	0	0	-34
丰台区	纯住宅	1	1	1	0	0	0	1	38000.0	298.0	16.0	116.42726	39.8636	0	4	5	24	0	2	63	0	1	-73
丰台区	纯住宅	1	1	1	0	0	0	1	38000.0	378.0	16.0	116.442726	39.866238	1	6	6	39	0	1	20	3	0	-59
丰台区	商住两用	1	1	1	0	0	0	1	38000.0	1320.0	18.0	116.437386	39.865654	0	17	2	38	0	0	46	0	0	-62
丰台区	写字楼	1	1	1	1	0	0	0	NULL	3449.6	9.0	116.33702	39.84667	0	13	0	0	0	0	8	0	0	-31
丰台区	纯住宅	1	1	1	1	1	0	1	39740.0	840.0	16.5	116.422295	39.863888	0	0	3	34	0	0	29	0	0	-70
丰台区	写字楼	1	1	1	0	0	0	1	NULL	6476.8	10.0	116.294266	39.85124	0	0	2	28	1	0	23	1	0	-19
丰台区	商住两用	1	1	0	0	0	0	1	34000.0	1320.0	23.0	116.3029	39.8886	1	1	3	11	0	0	1	0	0	-48
海淀区	写字楼	1	1	1	1	0	0	1	NULL	3520.0	12.0	116.322044	39.931656	0	6	2	24	0	0	36	2	3	-127
朝阳区	纯住宅	0	1	1	1	0	0	0	NULL	1278.0	18.0	116.44988	39.944237	1	21	1	176	0	1	48	2	0	-48
海淀区	写字楼	1	1	1	1	0	0	1	NULL	3520.0	9.0	116.32273	39.95574	3	1	0	26	0	0	27	3	2	-154
西城区	写字楼	1	1	1	1	1	0	1	NULL	3520.0	12.0	116.3666	39.911816	1	19	5	4	1	0	32	1	2	-84
朝阳区	写字楼	1	1	1	0	0	0	1	NULL	3520.0	6.0	116.38451	39.969036	1	11	2	23	0	0	16	1	0	-83
西城区	写字楼	1	1	1	1	1	0	1	32300.0	3520.0	6.0	116.34049	39.913853	0	3	2	13	0	0	11	0	0	-100
西城区	写字楼	1	1	1	0	1	0	1	NULL	3520.0	9.0	116.34658	39.913704	6	1	2	46	0	2	26	1	0	-82
海淀区	写字楼	1	0	0	0	0	1	1	48000.0	3520.0	9.0	116.31105	39.97694	0	13	3	90	0	2	33	1	2	-156
西城区	写字楼	1	1	0	1	1	0	0	45000.0	3520.0	10.0	116.358734	39.936756	2	12	2	32	1	1	34	1	0	-173
西城区	纯住宅	1	1	1	0	0	0	1	36500.0	1505.0	18.0	116.35712	39.878555	7	6	3	16	0	1	19	0	1	-54
海淀区	纯住宅	1	1	1	0	0	0	1	40100.0	595.0	22.0	116.37199	39.98168	2	11	2	26	1	0	31	1	0	-40
海淀区	商住两用	1	1	1	0	0	1	1	32500.0	3960.0	16.0	116.328735	39.948074	33	1	2	0	0	0	3	0	0	-39
朝阳区	写字楼	1	1	1	1	1	0	1	NULL	3520.0	16.0	116.42557	39.985676	0	4	2	40	0	1	28	1	0	-128
海淀区	写字楼	1	1	1	1	1	0	1	32000.0	3520.0	25.0	116.32165	39.981262	2	8	3	20	1	0	23	2	0	-39
朝阳区	写字楼	1	1	1	1	1	0	1	51000.0	3520.0	6.0	116.49281	39.977943	0	1	4	26	0	1	32	1	0	-67
东城区	写字楼	1	1	0	0	0	0	1	NULL	2921.6	9.0	116.43706	39.884727	1	0	0	9	0	0	0	0	0	-63
朝阳区	写字楼	1	1	1	1	1	0	1	45000.0	3520.0	6.0	116.4827	39.982113	3	5	3	15	1	0	24	1	0	-102
朝阳区	写字楼	1	1	0	0	0	0	1	42000.0	3520.0	17.0	116.423584	39.995564	1	4	5	24	0	0	19	0	0	-111
西城区	纯住宅	1	1	0	0	0	0	1	43000.0	770.0	22.0	116.35515	39.88576	3	7	3	32	0	1	17	0	0	-39
丰台区	纯住宅	1	1	1	1	0	0	1	41037.0	560.0	23.0	116.37196	39.868095	0	2	1	25	0	0	28	0	0	-62
东城区	写字楼	1	1	0	1	0	0	0	NULL	3520.0	12.0	116.43965	39.93442	6	12	0	9	0	1	25	0	0	-134
东城区	写字楼	1	1	0	1	0	0	0	45000.0	3520.0	10.0	116.41543	39.91824	16	21	3	9	7	0	130	2	1	-173
海淀区	写字楼	1	1	1	0	0	0	0	NULL	7040.0	18.0	116.28204	39.93006	1	0	2	3	0	0	9	0	0	-19
海淀区	商住两用	1	1	1	1	1	0	1	52000.0	2640.0	9.5	116.3526	39.96869	0	1	2	20	0	0	25	1	0	-69
西城区	写字楼	1	1	0	0	0	0	0	53000.0	3520.0	5.0	116.36804	39.872746	2	1	2	48	0	1	51	0	0	-100
海淀区	写字楼	1	1	1	1	1	0	0	NULL	3520.0	17.0	116.37423	39.988605	0	8	3	24	1	0	35	0	0	-66
海淀区	商住两用	0	1	1	0	0	1	1	45000.0	1306.8	24.0	116.3212	39.94664	9	3	1	12	0	0	19	0	0	-52
东城区	写字楼	1	1	1	1	0	0	0	NULL	7040.0	13.0	116.417564	39.91514	11	17	2	8	7	0	157	0	1	-545
海淀区	商住两用	1	1	1	1	1	0	1	43400.0	11880.0	14.0	116.36053	39.94723	0	16	4	8	2	0	75	0	0	-85
朝阳区	纯住宅	0	0	0	1	1	0	0	NULL	1043.0	11.0	116.45161	39.908226	0	6	0	46	0	1	5	2	0	-293
海淀区	写字楼	1	1	1	0	0	0	0	42500.0	9926.4	24.0	116.35719	39.945717	0	22	4	100	4	1	96	0	0	-111
丰台区	纯住宅	1	0	1	0	0	0	1	38000.0	252.0	18.0	116.425606	39.87085	0	1	2	39	0	2	44	1	0	-38
东城区	商住两用	1	1	1	1	0	0	1	64200.0	6600.0	13.5	116.42216	39.92309	4	12	3	36	3	3	96	3	0	-29
丰台区	纯住宅	1	1	1	0	0	0	1	38000.0	158.0	11.0	116.4339	39.86767	1	5	1	42	0	1	26	0	0	-48
朝阳区	纯住宅	1	1	1	1	1	0	1	30600.0	1484.0	23.0	116.4568	39.872147	0	0	1	15	0	0	12	0	0	-245
西城区	纯住宅	1	1	1	0	0	0	1	44855.0	735.0	18.0	116.32685	39.884083	2	3	3	35	0	1	23	0	0	-114
朝阳区	纯住宅	1	1	1	1	1	0	1	39000.0	1124.0	22.0	116.46667	39.87103	3	12	4	0	0	0	29	0	0	-65
朝阳区	商住两用	1	1	1	1	1	0	1	55600.0	1320.0	16.0	116.47296	39.942955	12	1	0	21	0	0	5	0	0	-39
西城区	商住两用	1	1	1	0	1	0	0	41300.0	1320.0	27.5	116.351074	39.876667	0	7	2	18	0	1	15	0	0	-105
海淀区	商住两用	1	1	1	1	1	0	1	60000.0	3960.0	12.0	116.32534	39.92887	0	5	1	17	0	0	27	1	0	-52
海淀区	写字楼	1	1	0	0	0	0	1	NULL	3238.4	14.0	116.31041	39.986076	3	19	3	15	0	0	48	1	0	-67
朝阳区	商住两用	1	1	1	1	1	0	1	45100.0	9240.0	16.0	116.47337	39.89523	1	4	3	22	0	0	36	0	0	-88
海淀区	写字楼	1	1	1	1	1	0	1	NULL	3520.0	8.0	116.286804	39.923725	1	2	3	24	0	1	15	0	0	-165
海淀区	写字楼	1	0	0	0	0	0	1	NULL	3520.0	16.0	116.32742	39.963303	2	7	1	18	0	0	53	0	2	-38
东城区	写字楼	1	1	1	1	1	0	1	NULL	3520.0	11.0	116.42382	39.954323	73	11	6	6	0	1	37	0	0	-53
朝阳区	酒店式公寓	1	1	0	0	0	0	0	54000.0	2640.0	17.0	116.45002	39.971386	5	0	2	20	0	1	27	1	0	-72
海淀区	纯住宅	1	1	1	1	1	0	0	58000.0	392.0	5.0	116.3587	40.013115	1	6	3	37	1	0	46	0	0	-10
朝阳区	写字楼	1	1	1	1	1	0	0	NULL	3520.0	11.0	116.45161	39.908226	0	6	0	46	0	1	5	2	0	-293
朝阳区	纯住宅	1	1	1	0	1	1	0	50000.0	3024.0	10.5	116.5208	39.909874	2	5	1	5	1	0	7	0	0	-43
海淀区	商住两用	1	1	1	0	0	0	1	72000.0	7920.0	12.5	116.27861	39.91793	1	0	2	17	0	1	1	0	0	-59
丰台区	纯住宅	1	1	1	0	0	0	0	38226.0	1386.0	11.0	116.3813	39.835228	0	0	1	0	0	0	0	0	0	-23
朝阳区	商住两用	1	1	1	1	1	1	1	35000.0	13200.0	22.0	116.49339	39.89428	0	7	1	16	0	0	14	0	0	-98
大兴区	纯住宅	1	1	0	0	0	0	1	26574.0	2111.0	10.5	116.454254	39.81862	1	0	1	19	0	0	5	0	0	-6
大兴区	纯住宅	1	1	0	0	0	0	1	25575.0	1281.0	10.0	116.456085	39.81144	0	0	3	8	0	0	25	1	0	-35
西城区	商住两用	1	1	0	0	0	0	0	60063.0	19800.0	18.5	116.38679	39.8859	25	1	1	29	0	1	36	1	0	-69
海淀区	写字楼	1	0	0	0	0	0	1	NULL	3520.0	6.0	116.31287	40.03908	0	1	3	13	0	0	6	1	0	-61
石景山	纯住宅	1	0	0	0	0	0	1	36621.0	3000.0	16.0	116.21256	39.901115	0	0	1	4	0	1	1	0	0	-23
海淀区	写字楼	1	1	0	1	1	0	0	56000.0	3414.4	17.0	116.313156	39.9846	2	32	1	26	0	1	48	1	0	-145
东城区	纯住宅	1	1	1	1	1	0	0	65000.0	1281.0	22.0	116.400375	39.95123	7	2	0	15	0	1	48	1	0	-90
丰台区	纯住宅	1	1	1	0	0	0	0	41200.0	2380.0	15.0	116.340836	39.865726	1	0	2	0	0	1	3	0	0	-26
通州区	商住两用	1	1	1	1	0	0	1	21500.0	6600.0	11.5	116.678444	39.894436	1	1	5	14	0	0	53	0	1	-21
西城区	纯住宅	1	0	1	0	0	0	1	48557.0	8625.05	12.5	116.382416	39.88194	0	2	1	26	0	1	17	2	0	-45
海淀区	写字楼	1	0	0	0	0	0	1	30000.0	3520.0	6.0	116.329956	39.968773	1	15	2	15	2	0	81	0	1	-60
朝阳区	酒店式公寓	1	1	0	1	1	0	0	35000.0	1320.0	28.0	116.495834	39.97672	2	6	4	12	1	1	78	1	0	-44
朝阳区	写字楼	1	1	0	0	1	1	1	NULL	3520.0	4.0	116.466606	39.92365	4	13	3	16	2	0	79	0	0	-79
丰台区	写字楼	1	0	0	0	0	0	1	NULL	6336.0	9.0	116.293755	39.86661	1	1	2	28	0	1	4	0	0	-110
朝阳区	商住两用	1	1	0	0	0	0	1	35007.0	1320.0	12.5	116.55285	39.91898	1	1	0	28	0	0	5	1	0	-36
海淀区	写字楼	1	1	0	0	0	0	0	NULL	7040.0	5.0	116.31204	40.03953	0	3	3	20	0	0	10	1	0	-74
丰台区	写字楼	1	1	0	1	0	0	0	40000.0	3520.0	5.0	116.30658	39.89023	0	1	6	42	0	0	21	0	0	-60
西城区	写字楼	1	1	1	1	1	0	1	52000.0	17600.0	14.5	116.382706	39.96262	0	10	0	38	0	0	17	0	0	-77
海淀区	纯住宅	1	1	1	1	1	0	1	54000.0	3241.0	13.0	116.363594	39.95093	0	9	4	39	0	0	26	0	0	-74
海淀区	纯住宅	1	1	1	1	1	0	1	94500.0	1862.0	16.5	116.29762	39.967712	3	5	1	7	1	0	41	0	0	-59
海淀区	商住两用	1	1	1	0	0	0	1	49300.0	3960.0	9.5	116.34173	39.964058	0	10	2	58	0	1	31	0	0	-111
朝阳区	写字楼	1	1	1	0	0	0	1	51800.0	3520.0	24.0	116.41786	39.99612	1	7	1	30	0	3	36	1	0	-179
朝阳区	写字楼	1	1	0	0	0	0	1	NULL	3520.0	13.0	116.4731	39.885063	0	1	1	305	0	1	38	1	0	-52
海淀区	写字楼	1	1	0	0	0	0	1	NULL	10032.0	29.0	116.33405	39.984676	1	2	2	45	0	1	19	2	0	-330
朝阳区	纯住宅	1	0	0	0	0	0	1	44000.0	3535.0	28.0	116.42732	40.001656	1	11	1	27	1	0	22	0	0	-74
朝阳区	商住两用	1	1	1	1	1	0	1	31413.0	2640.0	10.0	116.563644	39.92131	4	0	1	25	0	1	19	0	2	-22
朝阳区	纯住宅	1	1	1	0	0	0	1	51000.0	9940.0	28.0	116.42732	40.001656	1	11	1	27	1	0	22	0	0	-74
朝阳区	写字楼	1	1	1	0	0	0	1	36000.0	14080.0	12.5	116.42383	39.980846	0	4	4	19	0	2	11	1	0	-160
西城区	纯住宅	1	0	1	0	1	0	1	53000.0	497.0	18.0	116.325035	39.88065	0	0	2	13	0	0	26	1	0	-77
海淀区	纯住宅	1	1	0	0	0	0	1	34990.0	4774.0	13.5	116.33554	40.057034	1	7	4	22	0	0	25	0	0	-45
东城区	写字楼	1	1	0	0	0	0	1	NULL	3132.8	7.0	116.43818	39.933163	7	9	1	13	0	1	28	0	0	-169
西城区	商住两用	1	1	1	0	1	1	0	75190.0	11167.2	7.0	116.388	39.876064	3	0	3	25	0	0	9	0	0	-24
朝阳区	商住两用	1	1	0	1	1	0	0	43000.0	1267.2	17.5	116.477974	40.00343	1	3	5	7	1	1	68	1	0	-68
西城区	纯住宅	1	1	1	0	0	0	1	53000.0	945.0	12.0	116.35381	39.872	0	0	2	2	0	0	4	0	0	-65
丰台区	纯住宅	1	1	0	0	0	0	1	40000.0	2275.0	24.0	116.424614	39.853466	0	0	3	49	0	1	22	1	0	-50
朝阳区	纯住宅	1	1	1	1	1	0	1	48014.0	3867.5	21.5	116.458015	39.98403	0	0	2	1	0	0	1	0	0	-117
朝阳区	纯住宅	1	0	0	0	0	1	1	53300.0	2800.0	11.0	116.36434	40.017117	0	0	0	11	0	0	10	0	0	-42
朝阳区	商住两用	1	1	1	1	1	0	1	46700.0	5280.0	22.0	116.48735	39.898827	0	2	1	23	0	0	16	0	0	-89
西城区	纯住宅	1	1	1	0	0	0	1	53000.0	547.82	20.0	116.325035	39.88065	0	0	2	13	0	0	26	1	0	-77
西城区	纯住宅	1	1	0	0	0	1	1	35000.0	504.0	24.0	116.328156	39.87686	0	0	1	8	0	0	5	0	0	-69
西城区	商住两用	1	1	0	0	0	0	1	40000.0	1240.8	4.5	116.346466	39.88076	0	0	1	11	0	0	5	0	0	-54
西城区	写字楼	1	1	1	1	1	0	1	NULL	6969.6	18.0	116.38659	39.963177	0	12	1	44	1	0	22	0	0	-77
朝阳区	写字楼	1	1	1	1	1	0	0	NULL	3520.0	13.0	116.421814	39.97876	0	12	1	53	0	0	15	0	0	-51
海淀区	商住两用	1	1	1	0	0	0	0	NULL	1320.0	8.0	116.29521	39.96649	7	5	0	14	4	1	131	0	0	-34
丰台区	纯住宅	1	1	1	1	1	0	1	50000.0	1113.0	6.0	116.440834	39.847935	0	0	0	3	0	0	1	0	0	-35
丰台区	纯住宅	0	1	1	1	0	0	0	41000.0	2800.0	17.5	116.431114	39.853943	0	5	2	33	0	0	26	0	0	-27
海淀区	酒店式公寓	1	0	0	0	1	0	1	43000.0	1320.0	16.0	116.37058	39.97783	1	10	1	29	0	0	16	0	0	-181
大兴区	纯住宅	1	1	0	0	0	0	1	30635.0	1722.0	9.0	116.446526	39.812027	0	0	2	7	1	0	17	0	0	-17
丰台区	纯住宅	1	1	1	1	0	0	1	43172.0	1441.02	16.5	116.317856	39.851948	0	1	4	21	0	2	10	0	0	-24
朝阳区	纯住宅	1	1	1	1	1	0	1	37000.0	5955.55	15.0	116.504524	39.896618	0	1	2	0	0	0	0	0	0	-77
海淀区	纯住宅	1	1	1	1	1	0	1	62620.0	560.0	18.0	116.33013	39.973473	5	7	4	22	8	1	117	0	1	-57
海淀区	纯住宅	1	1	1	1	1	0	1	63020.0	350.0	14.0	116.33013	39.973473	5	7	4	22	8	1	117	0	1	-57
海淀区	纯住宅	1	1	1	1	1	0	1	42300.0	441.0	18.0	116.304344	39.971066	1	2	1	37	0	1	10	1	0	-33
海淀区	商住两用	1	1	1	0	0	0	0	34000.0	10929.6	28.0	116.34081	40.035618	4	0	4	10	1	0	75	0	0	-23
朝阳区	纯住宅	1	1	1	0	0	0	1	47500.0	1819.84	10.5	116.36464	40.015392	1	1	1	17	0	0	28	0	0	-43
朝阳区	商住两用	1	1	1	0	0	0	1	36100.0	9081.6	9.5	116.587364	39.93148	0	0	4	17	0	0	5	0	0	-26
朝阳区	纯住宅	1	1	0	0	1	0	1	56200.0	420.0	15.0	116.36434	40.017117	0	0	0	11	0	0	10	0	0	-42
朝阳区	写字楼	1	1	1	1	1	0	1	NULL	3520.0	7.5	116.45718	39.931667	1	16	3	52	0	0	54	2	0	-133
朝阳区	写字楼	1	1	0	1	1	0	0	58000.0	10560.0	21.0	116.47199	39.909985	8	10	2	39	0	0	22	0	0	-338
通州区	纯住宅	1	1	1	1	1	0	1	21688.0	700.0	19.5	116.65193	39.919403	0	0	7	20	0	0	25	0	0	-28
朝阳区	酒店宾馆	1	1	1	1	1	0	1	48000.0	3920.4	26.5	116.44226	39.895992	2	2	0	64	0	0	7	1	0	-104
朝阳区	纯住宅	0	1	1	1	1	0	0	NULL	2212.0	16.0	116.44424	39.935913	0	23	0	30	0	1	44	0	0	-165
朝阳区	商住两用	1	1	1	1	1	0	1	41000.0	17160.0	23.0	116.52456	39.914017	1	3	2	7	0	0	36	0	0	-55
朝阳区	纯住宅	1	1	1	1	1	0	1	44000.0	1898.88	18.5	116.426575	40.002434	2	9	3	21	1	0	19	0	0	-77
海淀区	商住两用	1	1	0	0	0	0	1	40000.0	2640.0	14.0	116.33241	40.037006	0	0	1	15	0	1	37	0	1	-57
朝阳区	商住两用	1	1	0	1	1	0	1	43000.0	2640.0	16.0	116.375	40.00051	0	2	4	2	0	0	31	0	1	-75
海淀区	酒店宾馆	1	1	1	1	1	0	1	33000.0	1320.0	23.0	116.333855	39.984764	1	2	2	48	0	1	20	2	0	-335
朝阳区	纯住宅	1	1	1	1	1	0	1	41000.0	1218.0	19.0	116.47329	39.842197	0	0	0	19	0	0	13	0	0	-12
昌平区	纯住宅	1	1	1	0	0	0	1	35000.0	4214.0	12.0	116.316605	40.07172	0	0	3	3	0	0	0	0	0	-17
西城区	其他	0	0	0	0	0	1	0	NULL	1320.0	4.0	116.392845	39.94572	67	0	0	9	0	1	18	0	0	-64
东城区	纯住宅	1	1	1	0	0	0	1	48000.0	4550.0	11.0	116.405655	39.865013	0	4	3	7	4	0	65	2	0	-43
西城区	纯住宅	1	1	1	1	1	0	1	62000.0	560.0	18.0	116.39538	39.96345	2	1	0	35	0	2	13	0	0	-109
西城区	纯住宅	1	1	1	1	1	0	1	62091.0	574.0	18.0	116.343834	39.924156	1	0	1	27	0	1	1	1	0	-126
朝阳区	纯住宅	1	1	1	1	0	0	1	39100.0	1813.0	18.0	116.451866	39.87299	0	5	1	26	0	0	27	0	0	-88
东城区	写字楼	1	1	0	0	0	1	1	NULL	3520.0	9.0	116.43818	39.933163	7	9	1	13	0	1	28	0	0	-169
丰台区	纯住宅	1	1	1	0	0	0	0	39000.0	245.0	10.0	116.293884	39.888863	0	0	1	0	0	1	2	0	0	-36
海淀区	写字楼	1	1	0	0	0	0	1	31000.0	3520.0	6.0	116.26087	39.917965	0	0	1	38	0	0	10	0	0	-52
海淀区	纯住宅	1	1	1	1	1	0	1	34850.0	3360.0	20.0	116.283035	39.90643	0	3	2	10	0	1	36	0	0	-61
朝阳区	商住两用	1	1	1	1	1	0	1	40000.0	1320.0	6.0	116.47602	39.90727	18	5	2	9	0	0	23	0	0	-231
丰台区	商住两用	1	0	1	0	0	0	1	28000.0	2640.0	24.0	116.29818	39.857613	0	0	2	13	0	0	18	0	0	-66
通州区	纯住宅	1	0	0	0	0	0	1	21800.0	2100.0	7.0	116.67203	39.888355	2	3	5	60	1	0	42	2	0	-38
通州区	纯住宅	1	0	0	0	0	0	1	21000.0	742.0	11.0	116.694595	39.895893	1	0	3	24	0	0	27	1	0	-10
丰台区	酒店式公寓	1	1	1	0	1	0	1	36000.0	6600.0	17.0	116.31846	39.85192	0	1	4	22	0	2	10	0	0	-22
通州区	纯住宅	1	0	0	0	0	0	1	27000.0	2283.75	20.0	116.68909	39.901035	1	0	2	53	0	1	38	0	0	-31
丰台区	写字楼	1	1	0	0	1	0	1	36000.0	3520.0	10.0	116.288246	39.824463	1	5	0	10	0	1	2	0	0	-39
西城区	纯住宅	1	0	0	0	0	0	1	49009.0	1050.0	14.0	116.35558	39.919968	2	2	2	51	0	1	28	1	0	-127
西城区	纯住宅	1	1	1	1	0	0	1	70000.0	560.0	12.0	116.38893	39.88067	36	0	0	0	0	0	3	1	0	-91
海淀区	纯住宅	0	0	0	0	0	1	0	37900.0	630.0	18.0	116.309105	39.928844	0	4	3	9	0	0	16	1	0	-76
朝阳区	纯住宅	1	0	0	0	0	0	1	37850.0	1680.0	16.0	116.54682	39.91495	0	1	0	0	0	0	0	0	0	-29
丰台区	纯住宅	1	0	0	0	0	0	1	37850.0	1029.0	21.0	116.41327	39.85662	0	0	1	1	0	1	16	0	0	-56
朝阳区	纯住宅	1	1	0	0	0	0	1	37000.0	1050.0	16.0	116.46304	40.013397	2	0	1	8	1	0	3	0	0	-62
东城区	商住两用	1	1	1	1	1	0	1	43000.0	5280.0	18.0	116.40439	39.862717	0	7	2	16	1	0	32	0	0	-34
丰台区	写字楼	1	1	0	0	0	0	1	NULL	3520.0	8.0	116.433876	39.849205	1	3	4	20	1	1	23	0	0	-40
朝阳区	纯住宅	1	0	1	0	0	0	1	38100.0	504.0	18.0	116.45596	39.890594	1	0	2	99	0	1	17	1	0	-35
朝阳区	纯住宅	1	1	1	1	1	0	1	53900.0	1512.0	18.0	116.40683	39.963623	2	4	0	9	0	1	3	0	0	-101
朝阳区	纯住宅	1	1	0	0	0	0	1	34100.0	448.0	16.0	116.415	39.969517	0	8	2	35	0	0	24	1	0	-92
朝阳区	纯住宅	1	1	1	1	1	0	1	52300.0	1512.0	18.0	116.40601	39.968285	3	3	2	15	0	0	23	1	0	-73
东城区	纯住宅	1	1	1	1	1	0	1	63200.0	525.0	18.0	116.4134	39.918762	8	10	3	6	2	0	55	2	1	-197
丰台区	纯住宅	1	1	1	0	0	0	1	34300.0	3500.0	21.0	116.38216	39.850407	0	2	0	38	0	0	18	1	0	-53
海淀区	写字楼	1	1	1	1	1	0	1	NULL	6688.0	12.0	116.30915	39.934437	0	1	1	31	0	1	22	1	0	-164
朝阳区	写字楼	1	1	1	0	0	0	1	43000.0	12108.8	8.0	116.48361	39.990307	0	8	6	53	0	0	11	0	0	-159
朝阳区	纯住宅	1	1	1	1	1	0	1	49216.0	1635.0	20.0	116.45705	39.926178	7	18	4	44	1	1	126	3	1	-53
通州区	纯住宅	1	1	1	1	0	0	1	29500.0	4200.0	10.0	116.63502	39.892982	0	0	0	0	0	0	0	0	0	-27
大兴区	纯住宅	1	1	1	0	0	0	0	32000.0	2100.0	17.0	116.51264	39.806877	0	12	4	1	0	0	16	0	0	-5
昌平区	纯住宅	1	1	1	0	0	0	1	35000.0	770.0	8.0	116.32835	40.078094	0	3	5	40	0	0	10	0	0	-32
昌平区	纯住宅	1	1	1	0	0	0	1	35000.0	1456.0	8.0	116.32835	40.078094	0	3	5	40	0	0	10	0	0	-32
昌平区	纯住宅	1	1	1	0	0	0	1	35000.0	1260.0	8.0	116.32835	40.078094	0	3	5	40	0	0	10	0	0	-32
朝阳区	写字楼	1	1	1	1	0	0	1	NULL	3520.0	20.0	116.437035	39.91478	6	16	2	5	1	0	45	0	1	-110
丰台区	酒店式公寓	1	1	1	1	0	0	1	55000.0	10560.0	17.5	116.31797	39.879955	0	1	1	2	0	0	6	0	0	-88
丰台区	纯住宅	1	1	0	0	0	0	1	40000.0	3500.0	17.5	116.38978	39.86053	0	11	2	33	0	0	22	1	0	-42
丰台区	纯住宅	1	1	1	1	0	0	1	45400.0	2163.0	18.0	116.370255	39.8556	1	1	2	25	0	0	12	1	1	-35
丰台区	纯住宅	1	0	0	0	0	0	1	40000.0	875.0	12.0	116.38715	39.85603	0	2	2	48	0	0	24	0	0	-68
丰台区	纯住宅	1	1	1	0	0	0	1	40000.0	1400.0	18.0	116.38635	39.861626	1	2	3	23	0	0	17	1	0	-57
丰台区	纯住宅	1	1	1	0	0	0	1	40000.0	3850.0	18.5	116.38271	39.85925	0	0	1	31	0	1	18	1	0	-51
丰台区	纯住宅	1	1	1	1	0	0	1	43000.0	1225.0	9.0	116.41644	39.86504	0	9	1	50	0	3	35	1	0	-56
东城区	纯住宅	1	1	1	1	0	0	1	43000.0	1750.0	9.0	116.41423	39.864403	0	12	2	31	0	2	41	1	0	-57
丰台区	纯住宅	1	0	0	0	0	0	1	38000.0	875.0	22.0	116.37522	39.855732	0	0	1	40	0	0	11	1	0	-56
丰台区	纯住宅	1	0	0	0	0	0	1	40000.0	3150.0	23.0	116.389595	39.86258	1	8	2	52	0	0	26	0	0	-48
通州区	纯住宅	1	1	1	1	1	0	1	32000.0	5702.0	12.0	116.68711	39.913937	0	0	0	1	0	0	1	0	1	-33
朝阳区	酒店式公寓	1	1	0	0	0	0	1	36400.0	25344.0	6.0	116.792465	39.848583	0	0	1	0	0	0	0	0	0	-1
丰台区	纯住宅	1	1	1	0	0	0	1	33863.0	228.0	18.0	116.411285	39.855743	2	1	1	2	0	1	19	0	0	-46
丰台区	纯住宅	1	1	1	0	0	0	1	37157.0	420.0	18.0	116.43034	39.864346	0	9	4	29	1	1	56	1	1	-61
通州区	纯住宅	1	0	0	0	0	0	1	25450.0	1614.69	13.0	116.64932	39.891575	0	0	8	18	0	0	10	0	0	-17
海淀区	写字楼	1	1	1	1	1	0	1	NULL	3520.0	24.0	116.31178	39.9795	0	17	4	76	1	1	28	1	2	-221
丰台区	纯住宅	1	1	1	0	0	0	1	33800.0	4200.0	12.5	116.253586	39.886555	1	0	0	0	0	0	6	0	0	-34
西城区	纯住宅	1	1	1	1	1	1	0	100000.0	420.0	9.0	116.34721	39.917973	4	3	1	40	0	1	35	2	0	-39
西城区	纯住宅	1	1	1	1	1	0	1	72300.0	3129.0	17.0	116.36295	39.932022	5	10	4	21	1	0	49	0	0	-57
丰台区	纯住宅	1	1	1	0	0	0	1	36000.0	1396.5	15.0	116.289604	39.84315	1	11	3	19	0	0	33	0	2	-26
大兴区	写字楼	1	1	1	0	0	0	1	NULL	2112.0	6.0	116.502266	39.787365	0	6	0	5	0	0	1	0	0	-11
朝阳区	纯住宅	1	1	1	1	1	1	0	89740.0	174.72	7.0	116.43747	39.996044	1	6	3	22	2	1	35	1	1	-10
西城区	写字楼	1	1	1	1	1	0	1	NULL	3520.0	10.0	116.36301	39.889175	1	3	4	39	1	1	37	1	0	-124
石景山	纯住宅	1	0	0	0	0	0	1	33162.0	1405.3	25.0	116.20159	39.932644	1	5	2	23	1	1	25	1	0	-27
朝阳区	酒店宾馆	1	1	1	1	1	0	1	50000.0	1320.0	4.0	116.470764	39.94657	11	0	1	0	0	0	1	0	0	-53
海淀区	写字楼	1	1	1	1	0	0	0	NULL	3520.0	6.0	116.276115	39.95732	0	1	0	35	0	0	2	0	0	-93
朝阳区	酒店式公寓	1	1	1	1	0	0	1	49200.0	6600.0	20.0	116.50244	39.920956	1	10	2	4	1	1	97	0	0	-79
海淀区	纯住宅	1	1	1	1	1	0	0	60000.0	700.0	17.5	116.36081	39.953346	0	8	1	57	0	0	19	0	0	-95
朝阳区	纯住宅	1	1	1	1	1	1	1	44194.0	3500.0	17.5	116.470085	39.89974	3	11	9	18	2	0	98	0	0	-97
朝阳区	纯住宅	1	1	1	1	1	1	1	33551.0	3500.0	20.0	116.57832	39.930363	0	1	3	11	0	0	14	0	0	-40
海淀区	纯住宅	1	1	1	1	1	1	0	39000.0	1750.0	20.0	116.28055	39.900963	0	1	6	15	0	0	18	0	0	-127
海淀区	写字楼	1	1	0	0	0	0	1	47800.0	10560.0	10.0	116.3062	40.043434	0	1	0	1	0	0	38	0	0	-61
朝阳区	纯住宅	1	1	0	0	0	0	0	37000.0	2961.0	17.0	116.504524	39.896618	0	1	2	0	0	0	0	0	0	-77
丰台区	写字楼	1	1	1	0	0	0	1	NULL	3520.0	8.0	116.36492	39.8671	2	0	0	8	0	0	2	0	0	-80
朝阳区	酒店式公寓	1	1	0	0	0	0	0	44000.0	3960.0	21.0	116.420235	39.996475	2	7	4	27	0	3	35	0	0	-82
丰台区	纯住宅	1	1	1	0	0	0	1	35000.0	1750.0	10.0	116.43413	39.8548	0	4	1	37	0	1	32	1	0	-88
海淀区	商住两用	1	1	1	1	0	0	0	45000.0	5280.0	15.0	116.29547	39.88767	0	0	0	0	0	0	2	0	0	-39
东城区	商住两用	1	1	1	0	0	0	1	48000.0	3960.0	11.0	116.409325	39.864895	0	7	3	16	0	1	28	2	0	-39
海淀区	写字楼	1	1	0	1	1	0	1	NULL	3379.2	18.0	116.31194	40.03599	0	0	0	0	0	0	1	0	0	-92
海淀区	写字楼	1	1	0	0	0	0	0	NULL	3203.2	8.0	116.31226	40.03248	0	0	1	1	0	0	1	0	0	-53
朝阳区	纯住宅	1	1	1	1	1	0	1	65000.0	2408.0	8.5	116.42129	40.006676	2	4	3	29	0	0	22	2	1	-3
通州区	纯住宅	1	0	0	0	0	0	0	20350.0	805.1	12.0	116.68659	39.89038	0	2	2	5	0	0	1	0	0	-16
西城区	写字楼	1	1	0	0	0	0	1	NULL	7040.0	18.0	116.38258	39.97166	1	6	2	14	0	0	10	0	0	-105
丰台区	写字楼	1	1	1	0	0	0	0	NULL	3520.0	8.0	116.28287	39.82796	1	0	0	0	0	0	4	0	0	-47
海淀区	纯住宅	1	1	1	1	1	1	0	62040.0	1575.0	7.5	116.27356	39.937588	0	1	1	6	0	0	47	0	0	-94
海淀区	写字楼	1	1	1	1	1	0	0	NULL	3414.4	16.0	116.27356	39.937588	0	1	1	6	0	0	47	0	0	-94
丰台区	纯住宅	1	1	1	0	0	0	0	39740.0	1750.0	24.0	116.42265	39.867992	1	1	2	59	0	1	44	1	0	-61
朝阳区	纯住宅	1	1	1	1	1	1	0	30850.0	2800.0	19.0	116.49755	39.991264	60	14	2	5	0	1	55	1	1	-115
丰台区	纯住宅	1	1	1	0	0	0	0	39740.0	175.0	24.0	116.42784	39.870678	1	0	5	37	0	2	57	1	0	-51
海淀区	纯住宅	0	0	0	0	0	1	0	31000.0	5250.0	15.0	116.271255	40.077488	0	0	0	0	0	0	0	0	0	-33
丰台区	纯住宅	1	1	1	0	0	0	0	39740.0	2380.0	20.0	116.43005	39.86466	0	7	2	34	1	1	52	1	1	-52
朝阳区	写字楼	1	1	0	1	1	0	0	39600.0	17600.0	18.0	116.4144	40.02434	0	0	1	0	0	0	0	0	0	-21
朝阳区	纯住宅	1	1	1	1	1	0	0	45820.0	1512.0	18.0	116.47234	39.9209	0	3	1	65	0	0	6	0	0	-28
丰台区	写字楼	1	1	1	0	0	0	0	NULL	3520.0	27.0	116.285736	39.8355	0	3	0	3	0	0	2	0	0	-54
朝阳区	纯住宅	1	1	1	0	0	0	0	31500.0	630.0	12.0	116.44661	39.87765	3	2	0	9	0	0	6	1	0	-89
东城区	纯住宅	1	1	1	0	1	0	0	36600.0	560.0	20.0	116.4169	39.918694	12	24	2	11	7	0	144	0	0	-156
东城区	纯住宅	0	1	1	0	1	0	0	36000.0	2688.0	15.0	116.41566	39.95434	3	0	3	22	0	0	39	0	0	-10
朝阳区	纯住宅	1	1	1	1	1	0	0	42100.0	651.0	20.0	116.47845	39.92839	0	2	3	34	0	0	17	1	1	-54
丰台区	写字楼	1	1	1	0	0	0	0	38000.0	7040.0	5.0	116.293884	39.888863	0	0	1	0	0	1	2	0	0	-36
西城区	纯住宅	1	1	1	0	0	0	1	38600.0	3500.0	19.0	116.364296	39.860577	0	0	3	0	0	0	6	0	0	-47
海淀区	写字楼	1	1	1	1	1	0	0	NULL	3273.6	6.0	116.31858	39.889595	0	2	2	12	0	0	37	0	0	-71
西城区	纯住宅	1	1	1	0	0	0	0	39000.0	1750.0	13.5	116.346466	39.88076	0	0	1	11	0	0	5	0	0	-54
通州区	纯住宅	1	1	1	1	1	0	0	22500.0	2800.0	24.0	116.64486	39.895985	1	0	5	44	0	2	29	0	0	-24
海淀区	纯住宅	1	1	1	1	1	0	0	35000.0	4200.0	9.0	116.321594	40.04709	1	8	2	5	0	0	23	0	0	-1
朝阳区	纯住宅	1	1	0	0	0	0	0	45000.0	630.0	18.0	116.45243	39.885445	9	0	2	88	0	1	12	0	0	-52
丰台区	纯住宅	1	1	1	1	0	0	0	36000.0	420.0	18.0	116.389595	39.8618	1	8	2	37	0	0	22	0	0	-44
朝阳区	商住两用	1	1	1	0	0	0	0	40000.0	2640.0	21.0	116.40795	39.973022	2	1	2	42	1	1	30	3	0	-154
朝阳区	纯住宅	1	1	1	0	0	0	0	39900.0	1890.0	13.5	116.41622	40.02763	0	0	0	0	0	0	0	0	0	-51
朝阳区	纯住宅	1	1	1	0	0	0	0	39900.0	3150.0	24.0	116.41622	40.02763	0	0	0	0	0	0	0	0	0	-51
朝阳区	纯住宅	1	1	1	0	0	0	0	39900.0	1050.0	22.0	116.41622	40.02763	0	0	0	0	0	0	0	0	0	-51
海淀区	纯住宅	1	1	1	1	0	0	0	54167.0	385.0	14.0	116.358986	39.97856	1	3	2	17	0	1	24	1	3	-53
海淀区	写字楼	1	1	0	0	0	1	1	38093.0	3520.0	6.0	116.26342	39.928883	1	0	2	52	0	1	10	0	0	-52
朝阳区	酒店式公寓	1	1	1	0	0	0	0	62000.0	8131.2	30.0	116.471085	39.896435	1	6	6	15	0	0	61	0	0	-71
海淀区	写字楼	1	1	1	1	1	1	1	NULL	7040.0	7.0	116.31436	39.920734	1	2	3	35	0	0	7	0	0	-31
海淀区	纯住宅	1	1	1	0	0	0	0	32941.0	4490.64	17.0	116.35141	40.03147	0	0	0	0	0	0	5	0	0	-40
通州区	纯住宅	1	0	0	0	0	0	0	31000.0	923.65	18.0	116.64535	39.89484	0	0	1	42	0	2	16	0	0	-37
丰台区	商住两用	1	1	1	1	0	0	0	45180.0	2481.6	10.5	116.364975	39.860943	0	0	2	0	0	0	5	0	0	-47
朝阳区	纯住宅	1	1	1	1	1	0	0	37000.0	2380.0	12.0	116.414246	40.04416	2	0	0	11	0	0	0	0	0	-124
海淀区	纯住宅	1	0	0	0	0	1	0	50000.0	1113.0	16.0	116.27258	39.907005	2	6	7	18	0	1	23	0	0	-186
朝阳区	纯住宅	1	0	0	0	0	1	0	41000.0	448.0	16.0	116.4554	39.893223	0	0	0	22	0	1	6	2	0	-80
朝阳区	纯住宅	1	0	0	0	0	1	0	39000.0	441.0	18.0	116.49913	39.922424	1	12	1	14	1	2	57	1	0	-76
朝阳区	纯住宅	1	0	0	0	0	1	0	40000.0	434.0	16.0	116.45171	39.947414	1	14	1	146	1	0	36	0	0	-95
朝阳区	纯住宅	1	0	0	0	0	1	0	35000.0	375.0	14.0	116.50373	39.922478	1	8	1	6	1	1	105	0	0	-70
西城区	纯住宅	1	0	0	0	0	0	1	53000.0	472.5	18.0	116.323654	39.884697	2	6	2	40	0	1	19	0	0	-62
西城区	纯住宅	1	0	0	0	0	0	1	53000.0	579.6	18.0	116.323654	39.884697	2	6	2	40	0	1	19	0	0	-62
西城区	写字楼	1	1	0	0	0	0	0	42000.0	5984.0	25.0	116.3334	39.896988	1	4	3	18	1	0	22	1	0	-117
朝阳区	纯住宅	1	1	1	0	0	0	0	32000.0	3920.0	25.0	116.60529	39.912746	0	0	2	2	0	0	10	0	0	-27
通州区	纯住宅	1	0	0	0	0	1	1	26916.0	3570.0	13.5	116.66561	39.890423	0	0	0	7	0	0	4	0	0	-25
海淀区	纯住宅	1	0	0	0	0	1	1	56000.0	1750.0	16.0	116.30928	39.94537	2	2	2	27	1	1	25	0	0	-115
东城区	纯住宅	1	1	1	1	1	1	1	62200.0	4986.63	19.0	116.44151	39.88791	4	3	3	31	0	2	33	0	0	-73
海淀区	写字楼	1	1	1	1	0	0	1	NULL	3520.0	5.0	116.370895	39.974773	0	2	1	11	0	0	28	0	0	-47
朝阳区	酒店式公寓	1	1	1	0	1	0	0	69500.0	5742.0	30.0	116.47448	39.896137	3	8	3	24	0	0	38	0	0	-55
丰台区	纯住宅	0	0	1	0	0	0	0	39740.0	980.0	24.0	116.43257	39.865124	1	13	2	35	2	0	51	1	1	-66
朝阳区	商住两用	1	1	1	1	0	0	1	38000.0	2640.0	33.0	116.502464	39.91888	1	9	1	8	0	1	70	1	0	-80
朝阳区	纯住宅	0	0	1	0	0	0	0	55000.0	980.0	24.0	116.39648	39.97348	0	7	4	20	0	0	6	0	0	-74
丰台区	纯住宅	0	0	1	0	0	0	0	39740.0	1820.0	24.0	116.42476	39.866512	0	3	0	66	0	1	24	1	0	-85
丰台区	纯住宅	0	0	1	0	0	0	0	39740.0	2660.0	24.0	116.43859	39.867653	1	5	1	40	0	1	40	0	0	-90
丰台区	纯住宅	0	0	1	0	0	0	0	39740.0	2730.0	24.0	116.43654	39.8599	1	6	1	25	0	0	76	2	0	-62
西城区	纯住宅	1	1	1	0	0	1	1	69000.0	1400.0	14.5	116.35857	39.93757	2	11	2	28	0	2	36	1	0	-147
西城区	纯住宅	1	1	1	0	0	1	1	69000.0	375.0	15.5	116.35965	39.932056	2	14	3	35	2	0	41	0	0	-78
丰台区	纯住宅	1	1	1	0	0	0	1	43000.0	476.0	17.0	116.40758	39.857384	0	1	1	11	0	1	37	1	0	-67
朝阳区	纯住宅	1	1	1	1	0	0	0	44000.0	1680.0	11.5	116.42732	40.001656	1	11	1	27	1	0	22	0	0	-74
丰台区	纯住宅	1	1	0	0	0	0	0	32150.0	700.0	24.0	116.42456	39.850464	0	0	5	31	0	1	39	0	0	-24
丰台区	纯住宅	1	1	0	0	0	0	1	31000.0	1141.0	21.0	116.38816	39.862137	1	3	2	35	0	0	18	1	0	-35
丰台区	纯住宅	1	1	1	0	0	0	0	33000.0	322.0	24.0	116.414925	39.860806	0	5	1	22	0	1	12	7	0	-113
丰台区	纯住宅	1	1	1	0	0	0	0	35000.0	840.0	24.0	116.41206	39.859142	0	0	1	26	0	2	6	4	0	-19
丰台区	纯住宅	1	1	1	0	0	0	0	35000.0	1680.0	24.0	116.420685	39.859226	0	0	3	19	0	0	11	2	0	-48
丰台区	纯住宅	1	1	1	1	1	0	1	37852.0	700.0	12.0	116.36038	39.86056	1	1	1	0	0	0	4	0	0	-9
丰台区	纯住宅	1	1	1	0	0	0	1	31100.0	441.0	18.0	116.42596	39.859547	0	3	3	17	0	1	13	0	0	-58
东城区	纯住宅	1	0	0	0	0	1	1	56000.0	490.0	17.0	116.42449	39.95514	59	17	5	17	0	1	27	0	0	-67
朝阳区	纯住宅	1	0	0	0	0	1	1	56000.0	700.0	25.0	116.41261	39.993656	1	1	2	3	0	0	9	0	0	-57
丰台区	写字楼	1	1	1	1	1	1	0	NULL	3449.6	26.0	116.287766	39.83156	2	5	0	28	0	0	18	0	0	-71
丰台区	酒店式公寓	1	1	1	1	1	0	0	29000.0	1320.0	8.0	116.42841	39.845985	1	0	2	19	0	1	3	0	0	-150
朝阳区	纯住宅	1	1	1	0	1	1	1	50000.0	5250.0	25.0	116.40285	39.988384	0	0	1	0	0	0	3	0	0	-101
朝阳区	纯住宅	1	1	1	0	1	1	1	50000.0	1750.0	20.0	116.40285	39.988384	0	0	1	0	0	0	3	0	0	-101
朝阳区	纯住宅	1	1	1	0	1	1	1	50000.0	3570.0	20.0	116.40285	39.988384	0	0	1	0	0	0	3	0	0	-101
朝阳区	纯住宅	1	1	1	0	1	1	1	50000.0	7000.0	21.5	116.40285	39.988384	0	0	1	0	0	0	3	0	0	-101
丰台区	写字楼	1	1	1	0	0	0	0	43000.0	3520.0	22.0	116.387726	39.850204	0	0	1	47	0	1	14	1	0	-73
朝阳区	写字楼	1	1	1	1	1	1	0	NULL	3520.0	21.0	116.456985	39.98261	0	0	2	3	0	0	1	0	0	-79
西城区	商住两用	1	1	1	1	1	0	0	74121.0	9240.0	7.0	116.37028	39.910526	2	14	2	8	1	0	36	0	1	-214
丰台区	纯住宅	1	1	1	0	0	0	0	43000.0	515.0	23.0	116.41247	39.85619	0	1	1	2	0	1	19	0	0	-40
朝阳区	写字楼	1	1	1	1	1	1	1	NULL	9504.0	15.5	116.40721	40.0019	0	7	2	104	0	1	20	0	0	-186
朝阳区	纯住宅	1	1	1	0	0	0	0	32000.0	4270.0	25.0	116.60529	39.912746	0	0	2	2	0	0	10	0	0	-27
海淀区	写字楼	1	1	1	1	0	0	1	52000.0	7040.0	20.0	116.38258	39.97166	1	6	2	14	0	0	10	0	0	-105
丰台区	商住两用	1	1	1	1	0	0	1	48000.0	13200.0	16.5	116.34067	39.871033	0	1	0	7	0	0	0	0	0	-56
丰台区	纯住宅	1	1	1	0	0	0	1	30000.0	1925.0	11.0	116.29301	39.83363	2	15	4	15	0	0	12	0	0	-72
朝阳区	写字楼	1	1	1	0	1	0	1	NULL	3414.4	14.0	116.41695	40.04056	0	0	2	24	0	0	0	0	0	-44
东城区	纯住宅	1	1	1	1	1	0	0	41000.0	1400.0	15.0	116.43925	39.897858	1	4	2	31	0	1	40	1	0	-121
石景山	写字楼	1	1	1	0	0	0	1	NULL	3520.0	18.0	116.18908	39.922443	0	6	0	2	0	0	14	0	0	-12
通州区	纯住宅	1	1	1	0	0	0	1	28000.0	3675.0	12.0	116.64438	39.89376	0	0	7	42	0	2	19	0	0	-45
通州区	纯住宅	1	1	1	0	0	0	1	28000.0	2870.0	12.0	116.64438	39.89376	0	0	7	42	0	2	19	0	0	-45
朝阳区	纯住宅	1	1	1	1	1	1	0	34500.0	5401.0	14.0	116.583984	39.923794	1	0	0	5	0	0	7	0	0	-47
朝阳区	商住两用	1	1	1	1	1	0	0	54000.0	2587.2	22.0	116.51523	39.918262	0	13	0	24	0	1	26	0	0	-30
朝阳区	纯住宅	1	1	1	1	1	0	0	50000.0	2148.3	22.0	116.513115	39.92243	1	0	2	26	1	0	35	0	0	-70
西城区	酒店式公寓	1	1	1	1	0	0	0	84000.0	10560.0	14.0	116.36243	39.909992	1	7	4	11	0	0	15	0	4	-75
丰台区	商住两用	1	1	1	1	0	0	1	44000.0	7920.0	9.0	116.28252	39.873524	2	1	1	11	0	0	3	0	0	-33
朝阳区	商住两用	1	1	1	1	1	0	0	46000.0	2613.6	18.0	116.48735	39.898827	0	2	1	23	0	0	16	0	0	-89
东城区	写字楼	1	1	1	1	0	0	1	41000.0	3168.0	8.0	116.39768	39.952	3	4	3	26	0	1	37	1	0	-123
海淀区	写字楼	1	0	1	0	0	0	1	NULL	2816.0	16.0	116.33372	39.898838	2	2	1	6	1	0	18	1	0	-127
朝阳区	商住两用	1	1	0	1	0	0	1	39014.0	13200.0	22.0	116.468895	39.888348	2	9	2	178	0	0	59	0	0	-65
东城区	商住两用	1	1	1	1	1	0	1	75000.0	2640.0	19.0	116.376335	39.89501	3	1	1	15	0	0	32	0	0	-193
朝阳区	写字楼	1	1	0	1	1	0	1	58000.0	21120.0	21.0	116.47199	39.909985	8	10	2	39	0	0	22	0	0	-338
石景山	纯住宅	1	1	0	0	0	0	1	35000.0	550.0	24.0	116.18637	39.90828	0	0	0	0	0	0	0	0	0	-24
朝阳区	纯住宅	1	1	1	0	0	0	1	37997.0	560.0	18.0	116.42777	39.986588	1	10	1	43	0	1	58	1	0	-28
朝阳区	写字楼	1	1	0	0	1	1	1	42000.0	3520.0	28.0	116.44934	39.961792	0	4	5	45	0	1	47	0	0	-90
海淀区	写字楼	1	1	1	1	1	0	1	NULL	3520.0	18.0	116.3037	39.90826	1	0	1	15	0	1	16	0	0	-233
海淀区	写字楼	1	0	0	0	0	0	1	29000.0	10560.0	23.0	116.330864	40.05683	0	2	2	13	1	0	8	0	0	-49
朝阳区	纯住宅	1	1	1	0	0	0	0	32000.0	5250.0	26.0	116.6064	39.915882	2	3	3	5	1	0	24	0	0	-47
朝阳区	纯住宅	1	1	1	0	0	0	0	32000.0	6300.0	26.0	116.6064	39.915882	2	3	3	5	1	0	24	0	0	-47
朝阳区	写字楼	1	1	0	1	1	0	1	36000.0	3097.6	18.0	116.441895	39.95918	4	9	3	21	0	1	11	1	0	-109
海淀区	写字楼	0	1	1	1	0	0	0	NULL	3520.0	7.0	116.30475	40.051147	0	8	5	3	0	0	14	0	0	-75
朝阳区	写字楼	1	1	0	1	1	0	1	NULL	3520.0	9.0	116.35888	39.90814	1	0	1	44	0	0	29	2	0	-370
朝阳区	写字楼	1	1	1	1	0	0	1	33500.0	3520.0	25.0	116.44179	39.95688	2	6	1	18	1	2	7	2	0	-62
朝阳区	写字楼	1	1	0	0	0	0	1	41000.0	3520.0	16.0	116.43563	39.98223	2	0	1	2	0	0	19	0	0	-42
东城区	写字楼	1	0	1	0	0	0	0	NULL	3344.0	8.0	116.43818	39.933163	7	9	1	13	0	1	28	0	0	-169
海淀区	纯住宅	1	1	1	1	1	1	1	31500.0	2475.0	6.0	116.290375	40.019485	0	1	2	13	0	1	2	0	0	-8
朝阳区	商住两用	1	1	0	1	1	0	1	50000.0	2640.0	19.0	116.425285	39.99657	1	6	6	31	2	0	22	0	0	-60
西城区	写字楼	1	1	1	1	1	1	1	NULL	3520.0	23.0	116.35802	39.920624	1	2	2	46	0	0	22	1	0	-253
海淀区	纯住宅	1	1	1	1	1	0	1	52903.0	2289.0	18.0	116.34862	40.00689	2	6	2	11	0	0	42	0	2	-54
朝阳区	商住两用	1	0	0	0	0	0	1	42000.0	1293.6	13.0	116.46968	39.993835	0	0	3	184	0	0	10	1	0	-90
东城区	写字楼	0	1	1	1	1	0	0	45000.0	3414.4	27.0	116.43818	39.933163	7	9	1	13	0	1	28	0	0	-169
朝阳区	纯住宅	1	1	1	1	1	1	0	34500.0	4365.0	14.0	116.583984	39.923794	1	0	0	5	0	0	7	0	0	-47
西城区	写字楼	1	0	0	0	0	0	1	38000.0	10560.0	14.0	116.356415	39.891144	1	5	1	33	0	0	18	0	1	-56
丰台区	纯住宅	1	1	1	0	1	1	1	31123.0	910.0	26.0	116.41606	39.85667	0	0	0	5	0	0	8	3	0	-49
丰台区	写字楼	1	1	0	0	0	0	1	35000.0	14080.0	27.5	116.27756	39.874203	0	1	3	20	0	1	16	0	0	-19
朝阳区	写字楼	1	1	1	0	0	0	1	NULL	3520.0	28.0	116.46317	39.90934	0	4	0	5	0	0	125	1	1	-185
朝阳区	纯住宅	1	0	0	0	0	0	1	37000.0	2647.75	14.0	116.504524	39.896618	0	1	2	0	0	0	0	0	0	-77
朝阳区	纯住宅	1	0	0	0	0	0	1	37000.0	4016.25	14.0	116.504524	39.896618	0	1	2	0	0	0	0	0	0	-77
西城区	商住两用	1	0	0	0	0	0	1	38000.0	1320.0	16.0	116.35392	39.883915	1	1	4	17	0	1	10	0	0	-57
朝阳区	纯住宅	1	1	1	1	1	0	1	47303.0	2275.0	18.0	116.4554	39.893223	0	0	0	22	0	1	6	2	0	-80
朝阳区	纯住宅	1	1	1	0	0	0	0	43566.0	17500.0	23.0	116.46142	39.89346	0	0	1	91	0	3	21	1	0	-203
石景山	纯住宅	1	1	1	1	1	0	1	37000.0	1188.0	17.0	116.2035	39.91902	3	2	5	10	0	0	18	1	0	-24
朝阳区	纯住宅	1	1	0	0	1	0	1	38000.0	980.0	9.0	116.4311	40.023373	0	0	0	8	0	0	3	0	0	-7
石景山	纯住宅	1	1	1	1	1	0	1	37000.0	806.52	6.5	116.20049	39.919025	3	0	3	5	0	1	24	0	0	-38
丰台区	商住两用	1	1	1	0	0	0	1	42000.0	1320.0	24.0	116.315186	39.879505	0	1	1	0	0	0	0	0	0	-50
海淀区	纯住宅	1	1	1	1	1	1	0	68000.0	7000.0	6.0	116.37804	40.00954	1	3	3	19	0	1	19	0	0	-11
海淀区	酒店式公寓	1	1	0	0	1	0	1	49500.0	7365.6	16.5	116.31262	39.977634	1	13	3	84	0	1	28	0	4	-124
海淀区	写字楼	0	0	1	1	0	0	1	39860.0	3520.0	9.0	116.32068	39.902393	0	6	1	12	0	0	16	0	1	-75
朝阳区	纯住宅	0	1	0	1	1	1	0	NULL	1474.9	16.5	116.46558	39.951424	0	1	3	0	0	0	7	0	0	-78
丰台区	纯住宅	1	1	0	0	0	0	1	45000.0	4375.0	22.0	116.26785	39.882668	1	0	2	1	0	0	2	0	0	-46
朝阳区	商住两用	0	1	1	1	0	0	0	24000.0	2640.0	18.0	116.576904	39.903503	1	0	0	7	0	0	7	0	0	-32
东城区	写字楼	1	1	0	1	1	1	0	68000.0	3520.0	18.0	116.42279	39.909195	2	2	5	18	0	1	34	0	0	-202
朝阳区	商住两用	0	1	1	1	0	0	0	30000.0	3960.0	17.0	116.41312	40.05128	2	1	5	14	0	0	14	0	0	-102
朝阳区	纯住宅	0	0	0	0	0	0	1	42000.0	1400.0	18.0	116.63627	40.329353	1	0	3	35	0	1	12	1	0	-8
东城区	写字楼	0	1	0	1	1	0	0	NULL	3520.0	24.0	116.421906	39.90746	2	9	5	16	1	2	63	1	0	-177
西城区	写字楼	1	1	0	1	1	0	1	65000.0	3520.0	13.0	116.37341	39.913494	3	7	1	3	0	2	27	0	0	-364
东城区	商住两用	0	1	1	1	1	0	0	40000.0	5280.0	9.0	116.410126	39.89161	0	0	1	0	0	0	0	0	0	-36
海淀区	写字楼	1	1	0	0	0	0	1	NULL	3520.0	6.0	116.30779	40.040077	0	2	2	6	0	0	10	0	0	-81
西城区	写字楼	1	1	0	0	0	1	0	NULL	3520.0	5.0	116.34139	39.928795	1	2	4	30	0	1	19	1	0	-50
西城区	纯住宅	1	0	0	0	0	0	1	39000.0	350.0	15.0	116.34568	39.874237	0	3	1	11	0	0	13	0	0	-65
西城区	纯住宅	1	1	1	0	1	0	0	63000.0	1050.0	18.0	116.35891	39.89727	3	9	2	25	0	2	24	0	0	-47
东城区	纯住宅	1	0	0	0	0	0	1	41523.0	1050.0	18.0	116.41666	39.919563	13	27	1	6	8	0	169	0	0	-119
海淀区	写字楼	1	1	0	0	0	0	1	NULL	3097.6	4.0	116.2996	40.024582	0	0	0	1	0	1	0	0	0	-65
海淀区	写字楼	1	1	1	0	1	0	1	NULL	3520.0	13.0	116.316986	39.925957	8	0	3	2	0	0	7	0	0	-53
海淀区	商住两用	1	1	0	0	1	0	1	35000.0	3722.4	15.5	116.32903	40.05504	0	0	2	1	1	0	6	0	0	-49
海淀区	纯住宅	1	1	1	0	0	0	0	56000.0	700.0	20.0	116.36384	39.998104	0	2	1	16	0	0	7	0	2	-39
通州区	纯住宅	1	1	1	0	0	0	1	22187.0	1680.0	18.0	116.6875	39.891438	0	2	4	4	0	0	3	0	0	-26
朝阳区	纯住宅	1	1	1	1	1	0	0	40000.0	4200.0	32.0	116.47602	39.90727	18	5	2	9	0	0	23	0	0	-231
丰台区	商住两用	1	1	1	1	1	0	1	40648.0	17160.0	23.0	116.29258	39.84091	0	7	4	6	0	0	19	0	0	-45
海淀区	写字楼	1	1	1	1	1	0	0	33516.0	7040.0	7.0	116.31133	40.028297	1	0	0	1	0	0	12	0	0	-59
海淀区	写字楼	1	1	1	1	1	0	0	33516.0	3520.0	7.0	116.31133	40.028297	1	0	0	1	0	0	12	0	0	-59
海淀区	写字楼	1	1	1	1	1	0	1	50000.0	3520.0	7.0	116.25702	39.905228	0	0	1	9	0	1	2	1	0	-55
海淀区	写字楼	1	1	1	0	0	0	0	NULL	3520.0	4.0	116.3164	39.905422	0	2	1	15	0	2	19	1	0	-62
海淀区	商住两用	1	1	1	1	0	0	1	32000.0	8131.2	15.0	116.274765	39.964912	0	1	0	4	0	0	7	0	0	-42
朝阳区	写字楼	1	1	1	1	1	0	1	36000.0	3520.0	6.0	116.416245	40.040405	0	0	2	17	0	0	0	0	0	-69
东城区	写字楼	1	1	0	1	1	0	0	NULL	3520.0	13.0	116.43818	39.933163	7	9	1	13	0	1	28	0	0	-169
朝阳区	商住两用	1	1	1	1	1	0	1	65000.0	3960.0	21.0	116.44291	39.907066	6	0	0	23	2	0	2	0	0	-323
朝阳区	纯住宅	1	1	1	0	1	0	0	38000.0	1512.0	14.0	116.50633	39.86712	0	0	2	12	0	0	20	0	0	-41
朝阳区	写字楼	1	1	1	0	1	0	0	45000.0	7040.0	20.0	116.49417	39.93476	0	0	1	3	0	0	12	0	0	-64
海淀区	写字楼	1	1	1	1	1	1	0	NULL	3520.0	17.0	116.328	39.942738	0	3	2	37	0	0	5	2	0	-40
朝阳区	纯住宅	1	0	0	0	0	0	1	48000.0	700.0	9.5	116.55669	39.870014	0	0	1	0	0	0	4	0	0	-7
朝阳区	纯住宅	1	0	0	0	0	0	1	35000.0	525.0	18.5	116.49623	39.916897	1	10	1	11	0	2	17	0	0	-67
海淀区	纯住宅	1	1	1	1	1	0	1	50000.0	3850.0	16.0	116.25702	39.905228	0	0	1	9	0	1	2	1	0	-55
海淀区	写字楼	1	1	1	1	1	1	0	NULL	3520.0	31.0	116.328	39.942738	0	3	2	37	0	0	5	2	0	-40
海淀区	写字楼	1	1	1	1	1	1	1	33516.0	3520.0	7.0	116.31133	40.028297	1	0	0	1	0	0	12	0	0	-59
丰台区	纯住宅	1	1	1	0	1	0	1	38000.0	2790.48	23.0	116.4419	39.84994	0	0	1	5	0	0	6	0	1	-38
朝阳区	写字楼	1	1	0	1	1	0	0	47000.0	6758.4	15.5	116.4703	39.91327	6	20	6	52	0	0	58	0	1	-297
朝阳区	写字楼	1	1	0	0	0	1	1	NULL	3520.0	6.0	116.44613	39.953728	0	3	2	25	0	0	6	1	0	-55
朝阳区	写字楼	1	1	1	1	1	0	1	57000.0	3520.0	19.0	116.40029	39.969406	3	5	3	12	0	0	21	0	0	-142
海淀区	纯住宅	1	1	0	0	0	0	1	37000.0	21000.0	22.0	116.32466	40.049812	1	2	0	19	0	1	4	0	0	-13
西城区	纯住宅	1	1	1	1	1	1	0	70000.0	2376.5	12.0	116.388	39.876064	3	0	3	25	0	0	9	0	0	-24
朝阳区	纯住宅	1	1	1	0	0	0	0	32000.0	910.0	27.0	116.6064	39.915882	2	3	3	5	1	0	24	0	0	-47
海淀区	写字楼	1	1	0	0	1	0	0	60000.0	3520.0	13.0	116.30872	39.98183	0	15	1	15	1	0	10	1	1	-137
朝阳区	商住两用	1	1	0	1	1	0	1	48725.0	5280.0	26.5	116.470604	39.89965	1	10	9	16	1	0	89	0	0	-99
东城区	纯住宅	1	1	1	1	1	1	0	60000.0	697.0	18.0	116.41435	39.915268	6	10	2	5	1	0	88	0	0	-269
朝阳区	纯住宅	1	1	1	1	1	0	1	50000.0	1568.0	24.0	116.469925	39.891396	0	9	2	62	0	0	33	0	0	-89
朝阳区	纯住宅	1	1	1	1	1	0	1	50000.0	2744.0	24.0	116.469925	39.891396	0	9	2	62	0	0	33	0	0	-89
朝阳区	纯住宅	1	0	0	0	0	0	1	50000.0	1960.0	24.0	116.469925	39.891396	0	9	2	62	0	0	33	0	0	-89
朝阳区	写字楼	1	1	1	1	1	1	0	NULL	7040.0	28.0	116.463806	39.945824	0	2	0	9	2	0	11	0	0	-204
朝阳区	写字楼	1	1	0	0	1	0	1	NULL	6899.2	32.0	116.451645	39.96049	0	6	2	55	0	1	57	0	0	-122
石景山	写字楼	1	1	1	1	1	1	1	NULL	7040.0	9.0	116.188965	39.93521	0	1	4	24	0	0	22	1	0	-17
朝阳区	写字楼	1	1	1	1	1	1	1	NULL	7040.0	29.0	116.452736	39.91897	4	1	0	9	0	0	6	0	0	-235
海淀区	纯住宅	1	0	0	0	0	0	1	54764.0	1295.0	18.0	116.3033	39.9634	1	0	2	4	0	0	6	0	0	-68
西城区	写字楼	1	1	1	1	1	1	1	NULL	3520.0	15.0	116.33382	39.876816	0	3	2	13	0	0	13	1	0	-32
海淀区	纯住宅	1	1	1	1	1	0	1	29195.0	5250.0	24.0	116.30602	39.893528	0	1	7	51	0	0	21	0	0	-61
海淀区	纯住宅	1	1	1	1	1	1	1	45000.0	4410.0	18.0	116.25346	39.899685	0	0	0	8	0	0	0	0	0	-31
朝阳区	商住两用	1	1	1	1	0	1	1	33819.0	3960.0	32.0	116.418175	40.0236	1	0	0	0	0	0	1	0	0	-51
朝阳区	商住两用	1	1	1	1	0	1	1	33819.0	2640.0	32.0	116.418175	40.0236	1	0	0	0	0	0	1	0	0	-51
海淀区	纯住宅	1	0	0	0	0	0	1	60000.0	2100.0	6.0	116.2838	39.93797	0	10	2	17	1	1	10	0	0	-23
丰台区	纯住宅	1	1	1	1	0	0	0	50000.0	525.0	16.0	116.440834	39.847935	0	0	0	3	0	0	1	0	0	-35
海淀区	商住两用	1	1	0	1	1	0	0	NULL	2640.0	29.0	116.31338	39.90882	0	2	0	7	0	0	2	0	0	-90
朝阳区	商住两用	1	1	1	1	1	1	1	64000.0	2640.0	32.0	116.47494	39.91295	5	39	1	55	0	0	53	0	0	-154
朝阳区	纯住宅	1	1	1	0	1	0	1	22372.0	900.9	15.0	116.56554	39.92113	3	0	1	17	0	1	23	0	3	-23
朝阳区	纯住宅	1	1	1	1	1	0	1	22372.0	864.5	20.0	116.56841	39.921467	2	1	1	14	0	2	27	0	3	-42
朝阳区	商住两用	1	0	0	1	0	0	1	51000.0	7603.2	24.5	116.48656	39.96072	2	0	2	0	0	0	7	0	0	-50
丰台区	纯住宅	1	0	0	0	0	0	1	28000.0	700.0	21.0	116.430244	39.848038	0	0	3	29	0	1	6	0	0	-33
海淀区	写字楼	1	1	1	1	1	1	1	NULL	3520.0	15.0	116.3204	39.974873	2	6	0	11	0	1	17	0	1	-99
朝阳区	纯住宅	1	1	1	1	1	0	1	50190.0	15435.0	15.0	116.50783	39.92263	0	5	4	11	1	0	70	0	0	-61
海淀区	纯住宅	1	1	1	1	1	0	1	51000.0	5824.0	28.0	116.50783	39.92263	0	5	4	11	1	0	70	0	0	-61
海淀区	纯住宅	1	1	1	1	1	1	1	30000.0	4200.0	18.0	116.30108	40.02613	0	0	0	8	0	1	0	0	0	-44
东城区	纯住宅	1	1	0	0	0	1	0	65000.0	700.0	16.0	116.41974	39.898335	1	6	5	68	0	2	12	3	0	-255
海淀区	酒店式公寓	1	1	1	1	1	1	1	40000.0	4752.0	18.0	116.27702	39.928288	0	1	0	20	0	0	5	0	0	-72
朝阳区	纯住宅	1	1	1	1	0	0	1	35000.0	3150.0	28.0	116.441154	39.972916	1	9	5	44	0	1	44	0	0	-74
海淀区	商住两用	1	0	0	0	0	0	1	30000.0	2640.0	11.5	116.32305	39.89939	5	2	0	0	0	0	2	0	1	-194
海淀区	写字楼	1	1	0	1	0	0	1	NULL	3520.0	16.5	116.31214	39.92899	1	4	3	13	0	0	28	0	0	-134
丰台区	纯住宅	1	1	1	1	1	1	1	42000.0	7875.0	21.0	116.29258	39.84091	0	7	4	6	0	0	19	0	0	-45
丰台区	商住两用	1	1	0	0	1	0	1	33000.0	3960.0	27.0	116.43926	39.858173	0	1	2	34	0	0	55	1	0	-103
海淀区	纯住宅	1	1	1	1	1	0	1	73334.0	3094.0	17.0	116.29539	39.97202	2	0	1	13	0	1	4	0	0	-53
朝阳区	商住两用	1	1	1	1	1	1	1	NULL	11880.0	15.0	116.461426	39.913277	2	21	0	38	0	1	137	1	0	-208
海淀区	纯住宅	0	0	0	0	0	1	0	38500.0	756.0	15.0	116.30667	39.927853	2	1	2	11	0	0	7	0	0	-44
海淀区	纯住宅	0	0	1	0	0	0	1	42000.0	336.0	16.0	116.28717	39.92114	2	5	1	11	2	1	41	0	0	-59
海淀区	商住两用	1	0	0	0	0	0	1	53000.0	7920.0	12.5	116.346695	39.959034	5	2	0	19	0	1	2	0	1	-119
西城区	纯住宅	1	0	0	0	0	0	0	37268.0	1820.0	19.0	116.32166	39.876415	0	0	1	2	0	0	13	0	0	-56
朝阳区	酒店式公寓	1	1	1	1	1	0	1	NULL	1320.0	5.5	116.401	39.984997	27	2	3	0	0	0	2	0	0	-18
朝阳区	商住两用	1	1	1	1	1	1	1	63000.0	11880.0	26.0	116.44403	39.97391	0	10	5	41	0	0	52	1	0	-34
丰台区	纯住宅	1	1	1	1	0	0	1	42382.0	945.0	18.5	116.25242	39.881504	0	0	2	8	0	0	9	1	0	-7
朝阳区	酒店式公寓	1	1	1	1	1	0	1	52000.0	3960.0	25.0	116.465	39.992207	3	10	3	123	0	0	11	0	0	-37
丰台区	酒店式公寓	1	1	1	1	1	0	1	48494.0	5280.0	16.5	116.276245	39.880306	0	0	0	5	0	0	2	0	0	-42
朝阳区	商住两用	1	1	1	1	1	1	1	45000.0	6600.0	21.0	116.47845	39.92839	0	2	3	34	0	0	17	1	1	-54
海淀区	其他	1	0	0	0	0	0	1	29500.0	1320.0	8.0	116.30388	39.976032	0	5	2	24	0	1	9	2	0	-74
海淀区	写字楼	1	0	0	0	0	0	1	NULL	3520.0	6.5	116.30674	39.98447	0	0	1	7	0	0	4	1	1	-143
朝阳区	纯住宅	1	1	1	1	1	1	1	50000.0	819.0	13.5	116.45012	39.89601	1	12	0	27	0	0	25	2	0	-42
朝阳区	写字楼	1	1	1	1	1	0	1	NULL	3520.0	27.0	116.46142	39.89346	0	0	1	91	0	3	21	1	0	-203
海淀区	纯住宅	1	0	0	0	0	0	1	38000.0	3990.0	7.0	116.28242	39.936634	0	8	2	19	0	1	22	0	0	-26
海淀区	纯住宅	1	0	0	0	0	0	1	38000.0	3486.0	14.0	116.28242	39.936634	0	8	2	19	0	1	22	0	0	-26
石景山	写字楼	1	1	1	1	1	1	0	28600.0	17600.0	28.0	116.222984	39.90661	1	2	6	28	0	1	24	1	0	-51
海淀区	写字楼	1	1	0	1	1	0	1	NULL	3520.0	24.0	116.323616	39.964695	1	5	1	16	0	0	24	0	3	-175
通州区	商住两用	1	0	0	0	0	0	1	28900.0	1320.0	22.0	116.63502	39.892982	0	0	0	0	0	0	0	0	0	-27
海淀区	纯住宅	1	1	1	1	1	1	1	56068.0	525.0	9.0	116.30811	39.90909	0	0	0	6	0	0	19	0	0	-96
朝阳区	商住两用	1	1	1	1	1	0	1	32800.0	1320.0	30.0	116.48097	39.972046	0	0	2	2	0	0	2	0	0	-75
西城区	纯住宅	1	1	1	1	1	1	0	67000.0	1680.0	15.0	116.38207	39.888992	2	2	5	25	2	0	12	0	0	-27
海淀区	纯住宅	1	1	1	1	1	0	1	39999.0	770.0	12.0	116.2418	39.929787	0	0	1	5	0	1	0	0	0	-24
东城区	纯住宅	1	1	1	1	1	0	1	56800.0	4200.0	13.5	116.31338	39.90882	0	2	0	7	0	0	2	0	0	-90
东城区	纯住宅	1	1	1	1	1	0	1	56800.0	5198.0	13.5	116.31338	39.90882	0	2	0	7	0	0	2	0	0	-90
西城区	写字楼	1	1	1	1	1	0	1	60000.0	3520.0	10.0	116.37156	39.914078	2	9	2	8	0	0	19	0	0	-241
朝阳区	纯住宅	1	0	0	0	0	0	1	50000.0	1750.0	20.0	116.49101	39.96627	0	3	1	5	0	0	3	1	0	-37
丰台区	纯住宅	1	1	1	1	1	0	1	40300.0	1575.0	12.0	116.30865	39.888428	0	0	5	40	0	0	14	0	0	-41
东城区	纯住宅	1	1	0	1	1	1	1	38500.0	700.0	24.0	116.4443	39.93982	4	13	1	36	0	0	60	0	0	-113
丰台区	纯住宅	1	1	1	0	1	1	1	40000.0	1232.0	18.5	116.27582	39.884865	1	0	2	10	0	0	7	0	0	-62
朝阳区	纯住宅	1	0	0	0	0	1	1	33000.0	2625.0	15.0	116.50654	39.917522	0	0	0	27	0	1	25	1	0	-67
丰台区	纯住宅	1	1	0	0	0	0	1	35000.0	2037.0	23.0	116.284966	39.857315	0	0	1	28	0	1	9	3	0	-22
海淀区	写字楼	1	1	1	0	0	0	1	NULL	3520.0	13.0	116.28398	39.91707	2	0	1	0	1	0	4	0	0	-91
丰台区	纯住宅	1	1	1	1	1	1	1	38000.0	15750.0	12.0	116.44767	39.843708	0	0	0	3	0	1	1	0	0	-47
石景山	纯住宅	1	1	1	0	0	0	1	38000.0	1758.61	15.0	116.202934	39.921112	0	3	3	11	0	1	26	1	0	-16
朝阳区	写字楼	1	1	1	1	1	0	1	45000.0	3520.0	12.0	116.49146	39.96573	0	2	1	5	0	0	4	0	0	-27
朝阳区	纯住宅	1	1	1	1	0	0	0	34500.0	3430.0	18.0	116.580345	39.91326	0	0	3	41	1	0	13	0	0	-55
海淀区	纯住宅	1	1	0	0	0	1	1	52587.0	1330.0	15.0	116.37488	39.98107	2	11	3	14	0	0	30	0	0	-133
朝阳区	纯住宅	1	1	1	1	1	0	1	43565.0	3150.0	10.0	116.44107	39.959038	4	10	3	26	0	1	15	1	0	-95
朝阳区	写字楼	1	1	1	1	1	0	1	30000.0	7040.0	12.0	116.47845	39.92839	0	2	3	34	0	0	17	1	1	-54
朝阳区	纯住宅	1	1	1	1	1	0	1	44950.0	2800.0	11.5	116.402435	39.971848	2	4	3	43	0	0	31	2	0	-127
朝阳区	纯住宅	1	1	1	1	1	0	1	60000.0	2205.0	17.0	116.45945	39.89771	0	2	2	36	0	1	19	1	0	-219
丰台区	纯住宅	1	1	0	0	0	0	1	45000.0	4900.0	15.5	116.38902	39.839104	0	0	3	15	0	0	6	0	0	-13
石景山	纯住宅	1	1	1	1	1	1	1	34682.0	1400.0	18.0	116.20957	39.93398	0	0	1	3	0	0	8	0	2	-7
西城区	写字楼	1	1	1	1	1	0	1	53800.0	3520.0	15.0	116.32508	39.88492	2	5	2	39	0	1	21	0	0	-75
朝阳区	写字楼	1	1	0	0	0	0	1	52000.0	7040.0	28.0	116.51529	39.922535	1	2	1	36	0	0	40	0	0	-110
朝阳区	写字楼	1	1	1	1	1	0	0	NULL	3520.0	29.0	116.45702	39.932724	1	14	2	58	0	0	39	2	0	-162
海淀区	写字楼	1	1	0	0	1	0	1	NULL	3520.0	20.0	116.35081	39.923218	5	2	3	37	1	0	17	0	0	-174
朝阳区	纯住宅	1	1	1	1	1	0	1	43250.0	420.0	24.0	116.43342	39.960114	0	2	2	61	0	0	37	2	1	-57
朝阳区	写字楼	1	1	1	1	1	0	1	75000.0	7040.0	25.0	116.45402	39.90742	0	1	1	43	0	0	12	0	0	-241
石景山	写字楼	0	0	0	0	1	1	1	NULL	3168.0	15.0	116.20216	39.92113	0	2	6	4	0	1	19	0	0	-16
丰台区	纯住宅	0	0	1	0	0	0	0	35000.0	1400.0	22.0	116.425186	39.861847	0	1	4	16	0	1	39	0	0	-92
丰台区	纯住宅	0	0	1	0	0	0	0	32000.0	1225.0	10.0	116.44229	39.853523	0	12	3	12	0	0	39	0	1	-42
西城区	商住两用	0	0	1	0	0	0	0	30000.0	1320.0	17.0	116.366425	39.888466	1	3	3	34	1	1	33	1	0	-129
东城区	写字楼	1	1	1	1	1	1	0	NULL	3484.8	10.0	116.41695	39.898308	3	3	3	64	1	2	23	1	0	-247
海淀区	纯住宅	1	0	0	0	0	1	1	33000.0	716.1	12.0	116.274765	39.964912	0	1	0	4	0	0	7	0	0	-42
朝阳区	商住两用	1	1	1	1	1	0	1	46000.0	2640.0	26.0	116.4788	39.884804	0	0	0	193	0	0	29	1	0	-44
朝阳区	纯住宅	1	1	1	1	1	0	1	41569.0	6300.0	25.0	116.4206	39.988033	0	8	3	41	0	1	36	0	0	-113
朝阳区	纯住宅	1	1	1	1	1	0	1	46026.0	2100.0	23.5	116.39363	39.81025	1	1	3	0	0	0	6	0	0	-15
丰台区	写字楼	1	0	1	0	1	0	1	NULL	3520.0	14.0	116.37817	39.83563	0	0	2	0	0	0	1	0	0	-40
西城区	写字楼	1	1	0	1	0	1	1	NULL	3520.0	7.0	116.377975	39.908264	4	5	6	10	0	1	39	1	0	-138
丰台区	酒店式公寓	1	1	1	1	1	0	1	NULL	1240.8	26.0	116.27255	39.889	1	0	2	21	0	0	12	0	0	-60
丰台区	写字楼	1	1	0	1	1	0	1	NULL	3168.0	26.0	116.27255	39.889	1	0	2	21	0	0	12	0	0	-60
西城区	写字楼	1	1	1	1	1	1	1	30000.0	3520.0	22.0	116.32992	39.896725	2	11	4	10	0	0	34	0	0	-103
东城区	写字楼	1	1	0	0	0	0	1	52000.0	3520.0	17.0	116.44682	39.94091	2	17	2	62	0	1	68	3	0	-71
朝阳区	写字楼	1	1	0	0	1	0	1	NULL	3520.0	17.0	116.47565	39.90861	3	9	3	6	0	0	5	0	0	-254
朝阳区	写字楼	1	0	0	0	0	1	1	NULL	3520.0	20.0	116.42314	39.99059	0	4	4	35	0	0	18	0	0	-119
朝阳区	写字楼	1	1	1	1	0	0	0	NULL	3520.0	22.0	116.46215	39.900314	0	4	5	26	0	0	31	0	0	-196
东城区	写字楼	1	1	1	1	1	1	1	NULL	3520.0	14.0	116.43292	39.89308	2	5	0	40	0	3	22	2	0	-79
西城区	商住两用	1	1	1	0	0	0	1	49557.0	1320.0	13.0	116.3712	39.87805	1	2	2	36	1	0	16	0	1	-39
海淀区	写字楼	1	1	0	0	0	0	1	NULL	3168.0	5.0	116.26956	39.94795	0	0	0	0	0	0	0	0	0	-33
海淀区	写字楼	1	1	0	0	0	0	1	30000.0	3520.0	12.0	116.242195	40.075184	0	1	1	4	0	0	0	0	0	0
海淀区	商住两用	1	1	0	0	0	0	1	30000.0	1320.0	11.0	116.307915	39.97866	0	8	1	85	1	1	13	1	0	-113
海淀区	写字楼	1	0	1	0	0	0	1	NULL	3520.0	9.0	116.29654	39.96765	3	5	1	13	1	1	36	0	0	-65
海淀区	写字楼	1	1	0	1	1	0	1	NULL	3520.0	25.0	116.31176	39.97973	0	18	3	68	1	1	31	1	3	-206
朝阳区	纯住宅	1	1	1	0	0	0	1	50000.0	2205.0	24.0	116.469925	39.891396	0	9	2	62	0	0	33	0	0	-89
朝阳区	写字楼	1	1	1	1	1	1	0	NULL	3520.0	25.0	116.4626	39.905502	0	0	2	18	0	1	34	0	0	-276
朝阳区	纯住宅	1	1	0	1	0	0	1	43000.0	700.0	15.0	116.45277	39.921635	15	3	0	20	0	1	12	0	0	-100
海淀区	纯住宅	1	1	1	1	0	0	1	62278.0	1225.0	14.0	116.34063	39.904144	1	7	2	19	0	0	28	0	0	-68
朝阳区	纯住宅	1	1	1	0	0	0	1	45000.0	455.0	16.0	116.44575	39.905087	6	2	1	26	1	0	8	0	0	-61
朝阳区	纯住宅	1	1	1	0	0	0	1	44000.0	630.0	15.0	112.44195	34.602245	0	0	1	1	0	0	0	1	0	0
东城区	写字楼	0	1	1	0	0	0	0	45000.0	3520.0	8.0	116.41559	39.899494	5	4	4	19	1	2	23	1	0	-99
丰台区	写字楼	1	0	0	0	0	0	1	40000.0	3520.0	4.0	116.416954	39.838234	0	0	2	0	0	0	0	1	0	-60
东城区	酒店式公寓	1	1	1	0	1	0	0	43000.0	1320.0	5.5	116.407364	39.891094	15	2	2	0	0	0	6	0	0	-42
海淀区	商住两用	1	1	0	0	1	0	1	44511.0	1320.0	28.0	116.378555	39.97056	0	1	2	25	0	1	19	1	0	-132
海淀区	纯住宅	1	1	0	0	1	0	1	39000.0	525.0	11.0	116.29893	39.93757	0	0	1	14	0	0	5	2	0	-25
海淀区	写字楼	1	0	0	0	0	0	1	NULL	3520.0	22.0	116.323616	39.964695	1	5	1	16	0	0	24	0	3	-175
朝阳区	商住两用	1	1	1	1	1	1	1	62100.0	2640.0	32.0	116.4817	39.97133	0	0	2	7	0	0	1	0	0	-53
海淀区	纯住宅	1	0	0	0	0	0	0	45000.0	350.0	19.0	116.36171	39.955643	0	6	2	59	0	0	18	0	0	-54
朝阳区	纯住宅	1	1	0	0	1	0	1	30000.0	6650.0	9.0	116.57439	39.86533	0	0	1	0	0	1	1	0	0	-18
朝阳区	纯住宅	1	0	1	0	0	0	0	41326.0	1768.0	11.5	116.41243	40.057896	1	1	0	45	0	0	1	0	0	-58
海淀区	写字楼	0	0	0	0	0	0	1	NULL	3520.0	5.0	116.350914	40.010807	1	1	2	18	0	0	2	0	0	-64
朝阳区	写字楼	1	1	0	1	1	0	1	45118.0	7040.0	24.0	116.448975	39.937218	3	5	2	50	0	0	50	0	0	-78
海淀区	酒店式公寓	1	0	0	0	0	0	1	38000.0	1320.0	7.0	116.27196	39.927174	0	2	2	33	0	0	29	0	0	-28
海淀区	纯住宅	1	1	1	1	1	0	1	65000.0	4480.0	20.0	116.32852	39.93347	0	7	1	25	0	0	19	2	2	-63
海淀区	纯住宅	1	1	0	0	0	0	1	50000.0	980.0	16.0	116.31119	39.931484	0	4	4	23	0	0	20	0	0	-100
海淀区	纯住宅	1	1	0	0	1	0	1	53293.0	4550.0	17.0	116.302925	39.940197	2	1	3	12	0	0	5	0	0	-59
朝阳区	纯住宅	1	0	0	1	1	0	1	39248.0	1050.0	28.0	116.41142	39.982876	5	10	2	9	0	0	10	0	0	-129
海淀区	纯住宅	1	1	0	1	1	0	1	75000.0	910.0	10.0	116.30024	39.968693	0	0	1	7	0	1	2	0	0	-52
朝阳区	写字楼	0	1	0	1	1	0	1	NULL	3520.0	24.0	116.47675	39.91262	5	36	2	79	0	0	66	0	0	-257
朝阳区	纯住宅	1	1	0	0	0	0	1	61193.0	700.0	9.5	116.41465	39.972286	1	13	1	17	1	0	47	1	0	-68
朝阳区	商住两用	1	1	1	1	1	1	1	31000.0	2640.0	21.0	116.553345	39.9215	1	1	1	22	0	0	13	1	0	-42
朝阳区	写字楼	1	1	0	0	0	0	1	NULL	3520.0	6.0	116.47215	39.90525	10	10	3	13	0	0	43	0	0	-84
朝阳区	写字楼	1	1	0	0	0	0	1	NULL	3520.0	6.0	116.52209	39.890816	0	0	0	2	0	0	0	0	0	-20
朝阳区	写字楼	1	1	1	1	1	0	1	45000.0	7040.0	22.5	116.43845	39.923702	3	7	1	8	2	1	56	0	0	-296
丰台区	写字楼	1	1	0	0	1	0	1	51000.0	3520.0	12.0	116.43435	39.865425	1	17	2	42	2	0	48	1	0	-61
朝阳区	酒店式公寓	1	1	1	1	1	0	1	51161.0	11880.0	22.0	116.45864	39.967037	5	26	1	28	1	0	31	1	0	-76
海淀区	纯住宅	1	1	0	1	0	0	1	32000.0	8750.0	11.5	116.28783	40.017727	0	1	2	4	0	0	1	0	0	-14
西城区	纯住宅	1	1	1	1	1	0	1	52156.0	1341.0	16.0	116.350746	39.892437	0	5	2	13	0	1	20	0	0	-39
西城区	写字楼	1	1	0	0	0	0	0	NULL	3520.0	8.0	116.38623	39.96884	3	15	1	21	0	0	27	0	0	-72
石景山	写字楼	1	1	0	0	0	0	1	48666.0	3520.0	23.0	116.21649	39.908222	0	2	3	7	0	0	12	1	1	-33
朝阳区	商住两用	1	1	0	0	1	0	1	46000.0	3960.0	26.0	116.4788	39.884804	0	0	0	193	0	0	29	1	0	-44
朝阳区	纯住宅	1	1	0	0	1	0	1	46574.0	700.0	15.5	116.49576	39.909943	0	3	1	0	0	0	7	0	0	-147
朝阳区	纯住宅	1	1	1	1	1	0	1	58000.0	616.0	22.0	116.44049	39.905106	9	2	2	44	2	1	12	1	0	-83
朝阳区	纯住宅	1	1	1	1	1	0	0	35000.0	350.0	20.0	116.493195	39.91825	1	5	1	13	0	3	9	0	0	-40
海淀区	写字楼	1	1	0	0	1	1	1	36400.0	2992.0	8.0	116.27781	39.93213	1	2	1	14	0	0	10	0	0	-47
西城区	写字楼	1	1	0	0	0	0	1	55000.0	3379.2	15.0	116.375175	39.89406	3	1	1	10	0	0	41	1	0	-164
东城区	纯住宅	1	1	0	0	0	1	1	62000.0	7644.0	20.0	116.43818	39.933163	7	9	1	13	0	1	28	0	0	-169
西城区	写字楼	1	1	1	1	1	0	1	67800.0	10560.0	22.0	116.348404	39.938694	1	5	1	49	0	0	9	0	4	-156
大兴区	纯住宅	1	1	1	1	1	0	1	28500.0	2730.0	16.0	116.34035	39.8006	1	0	0	46	1	0	14	0	0	-16
大兴区	纯住宅	1	1	1	1	1	0	1	28500.0	5600.0	16.0	116.34035	39.8006	1	0	0	46	1	0	14	0	0	-16
大兴区	纯住宅	1	1	1	1	1	0	1	28500.0	3500.0	16.0	116.34035	39.8006	1	0	0	46	1	0	14	0	0	-16
朝阳区	纯住宅	1	1	1	1	1	0	1	38000.0	756.0	18.0	116.46126	39.884453	1	3	2	90	0	1	27	0	0	-181
丰台区	纯住宅	1	1	0	0	0	0	1	48000.0	3528.0	17.0	116.33969	39.862476	1	0	2	1	0	0	0	0	0	-7
朝阳区	纯住宅	1	1	1	1	1	0	1	35210.0	5880.0	23.0	116.49137	39.896545	0	3	1	16	0	0	34	0	0	-61
朝阳区	写字楼	1	0	0	0	0	0	1	45000.0	3132.8	6.0	116.47241	39.945316	19	0	0	2	0	0	2	0	0	-52
朝阳区	写字楼	1	1	1	1	1	0	1	45200.0	3520.0	7.0	116.49556	39.91724	1	12	1	11	0	2	16	0	0	-68
朝阳区	写字楼	1	1	0	1	1	1	1	NULL	3520.0	5.0	116.47687	39.88649	0	0	2	249	0	0	29	1	0	-50
海淀区	纯住宅	1	1	0	0	0	0	1	NULL	1750.0	6.0	116.32679	39.92693	3	2	1	13	0	0	6	0	0	-56
朝阳区	写字楼	1	1	0	0	1	0	1	41000.0	3520.0	11.0	116.494286	39.976254	2	4	3	20	0	1	62	0	0	-160
海淀区	写字楼	1	1	0	0	0	0	1	NULL	3273.6	12.0	116.27644	39.93341	1	2	2	14	0	0	32	0	0	-54
石景山	纯住宅	1	1	0	1	1	0	1	25000.0	4081.0	19.5	116.16614	39.92813	0	0	2	0	0	0	8	0	0	-44
石景山	纯住宅	1	1	0	1	1	0	1	25000.0	3430.0	19.5	116.16614	39.92813	0	0	2	0	0	0	8	0	0	-44
石景山	纯住宅	1	1	0	1	1	0	1	25000.0	3850.0	16.0	116.16614	39.92813	0	0	2	0	0	0	8	0	0	-44
石景山	纯住宅	1	1	0	1	0	0	1	25000.0	3115.0	16.0	116.16614	39.92813	0	0	2	0	0	0	8	0	0	-44
丰台区	商住两用	1	0	0	0	0	0	1	45000.0	1254.0	12.5	116.3786	39.843105	1	1	2	48	0	0	27	0	0	-47
东城区	纯住宅	1	1	1	0	0	0	0	65000.0	1005.0	15.0	116.42978	39.9242	5	7	2	7	0	1	48	2	1	-140
海淀区	纯住宅	1	1	1	0	0	0	1	42000.0	1750.0	18.0	116.27273	39.920918	0	1	1	13	0	0	9	0	0	-18
朝阳区	写字楼	1	1	1	1	1	0	1	NULL	3520.0	10.0	116.35682	39.889046	4	9	3	42	0	0	32	0	1	-91
朝阳区	纯住宅	1	1	1	0	0	0	1	32000.0	5235.09	28.5	116.60854	39.929413	0	0	3	2	0	0	97	0	0	-36
通州区	纯住宅	1	1	1	1	1	0	1	25300.0	4305.0	14.0	116.66269	39.8674	2	0	1	0	0	0	3	0	0	-44
海淀区	写字楼	1	1	0	1	1	0	1	NULL	7040.0	18.0	116.35109	40.02001	0	0	3	19	0	0	6	0	0	-19
海淀区	纯住宅	1	1	0	0	1	0	1	45000.0	2786.0	23.0	116.6677	39.91285	1	1	9	26	0	1	42	0	0	-2
海淀区	纯住宅	1	1	1	1	0	0	1	35000.0	7896.0	18.5	116.277985	39.91793	1	0	2	19	0	1	1	0	0	-54
通州区	纯住宅	0	0	1	0	0	0	1	20000.0	22218.0	14.0	116.63501	39.886444	0	0	0	4	0	0	0	0	0	-3
朝阳区	纯住宅	1	1	0	0	0	0	1	30000.0	5850.07	27.5	116.60854	39.929413	0	0	3	2	0	0	97	0	0	-36
海淀区	酒店式公寓	1	1	1	1	1	1	1	120000.0	3960.0	9.0	116.361	39.90254	1	5	4	52	0	1	16	2	1	-78
西城区	纯住宅	1	1	0	1	0	0	1	65306.0	280.0	11.0	116.373695	39.964687	4	3	1	16	0	0	16	0	4	-25
海淀区	纯住宅	1	1	1	0	0	0	0	38000.0	1108.8	6.0	116.35413	40.041885	0	0	2	23	0	0	39	0	2	-14
海淀区	写字楼	1	0	0	0	0	0	1	36000.0	3414.4	5.0	116.35413	40.041885	0	0	2	23	0	0	39	0	2	-14
丰台区	商住两用	1	0	0	0	0	0	0	37297.0	1320.0	15.0	116.36892	39.863396	0	1	3	6	0	0	11	0	0	-54
西城区	纯住宅	1	1	0	1	0	0	1	42955.0	490.0	15.0	116.330124	39.889393	1	6	3	27	0	1	41	0	0	-63
丰台区	纯住宅	1	1	1	0	1	0	1	37000.0	245.0	13.0	116.42431	39.864265	0	1	1	34	0	1	33	0	0	-55
朝阳区	纯住宅	1	0	0	0	0	1	1	27868.0	700.0	17.5	116.603775	39.89847	0	0	1	0	0	0	0	0	0	-52
大兴区	纯住宅	1	1	1	1	1	0	1	31400.0	2016.0	18.0	116.3263	39.757507	0	0	6	13	0	0	3	0	0	-14
丰台区	纯住宅	1	0	0	0	0	0	1	35000.0	7022.4	17.0	116.26913	39.851707	0	0	0	1	0	0	4	0	0	-14
丰台区	纯住宅	0	0	1	0	0	0	0	22000.0	13251.0	15.0	116.266815	39.855743	0	0	1	5	0	1	0	0	0	-13
通州区	纯住宅	1	1	0	0	0	0	1	14497.0	5324.0	16.0	116.54406	39.74404	0	0	0	0	0	0	0	0	0	-17
海淀区	写字楼	1	1	0	0	0	1	1	NULL	3520.0	12.5	116.32479	39.953438	5	2	1	24	0	0	5	0	3	-148
朝阳区	纯住宅	1	1	1	1	1	1	1	60000.0	1540.0	26.0	116.46773	39.994957	0	0	2	240	0	0	11	1	0	-189
朝阳区	纯住宅	1	1	1	1	1	1	1	60000.0	770.0	16.0	116.46773	39.994957	0	0	2	240	0	0	11	1	0	-189
东城区	纯住宅	1	0	0	0	0	0	1	62000.0	10500.0	25.0	116.43634	39.894802	1	5	1	23	0	2	37	2	0	-119
朝阳区	酒店式公寓	1	1	0	0	0	0	1	53726.0	15840.0	39.0	116.480865	39.909443	3	13	3	61	0	0	8	1	0	-440
海淀区	写字楼	0	1	0	0	0	0	0	NULL	7040.0	11.0	116.318504	40.029877	0	9	2	1	0	0	24	0	1	-24
顺义区	纯住宅	1	0	0	0	0	0	0	23000.0	3500.0	12.0	116.64792	40.119553	0	0	0	2	0	1	10	0	0	-34
顺义区	纯住宅	1	0	0	0	0	0	0	23000.0	3500.0	12.0	116.64792	40.119553	0	0	0	2	0	1	10	0	0	-34
朝阳区	纯住宅	1	1	0	0	0	1	1	45000.0	2100.0	9.0	116.47427	39.940727	1	2	2	48	0	0	32	1	0	-32
丰台区	写字楼	1	1	1	0	0	0	1	58000.0	7040.0	19.0	116.438866	39.851215	0	7	1	17	1	0	16	0	1	-53
朝阳区	纯住宅	0	0	0	0	0	1	0	66000.0	350.0	22.0	116.40958	39.992504	1	0	2	0	0	0	5	0	0	-63
朝阳区	纯住宅	0	0	0	0	0	1	0	48000.0	350.0	22.0	116.40858	39.984856	0	0	2	0	0	0	0	0	0	-100
朝阳区	纯住宅	0	0	0	0	0	1	0	66000.0	350.0	22.0	116.41408	39.990757	2	2	0	15	0	0	20	0	0	-79
朝阳区	写字楼	1	1	0	1	1	0	1	50000.0	7040.0	21.0	116.5027	39.9239	1	4	2	15	1	1	59	1	0	-141
朝阳区	写字楼	1	1	0	1	1	1	1	41619.0	3520.0	5.0	116.5046	39.93393	0	2	3	23	0	2	31	1	0	-38
朝阳区	纯住宅	1	0	0	0	0	0	1	65000.0	378.0	5.0	116.45408	39.954826	1	7	2	96	0	1	40	1	0	-35
海淀区	写字楼	1	0	0	0	0	0	0	NULL	3520.0	4.0	116.30747	39.957047	1	5	0	19	0	1	6	1	0	-62
西城区	纯住宅	0	0	0	0	0	0	1	62112.0	6475.0	11.5	116.36851	39.871826	2	1	2	55	0	1	59	1	0	-74
海淀区	写字楼	1	1	1	0	0	1	1	41466.0	3520.0	18.0	116.30975	40.037155	0	0	0	0	0	0	0	0	0	-110
石景山	写字楼	1	1	0	0	0	1	1	NULL	3520.0	13.0	116.1889	39.93948	1	0	3	26	0	1	20	0	0	-12
海淀区	商住两用	1	1	0	0	0	0	1	63000.0	13068.0	13.5	116.3198	39.988617	1	34	3	1	6	0	95	0	0	-39
大兴区	写字楼	1	1	0	0	1	1	1	45000.0	7040.0	16.0	116.514496	39.789387	0	0	3	0	0	0	0	0	0	-83
西城区	纯住宅	0	0	1	0	0	0	0	60000.0	3073.0	28.0	116.34265	39.883575	0	3	2	37	0	0	9	0	0	-46
昌平区	纯住宅	0	0	1	0	0	1	1	26000.0	2800.0	15.0	116.31367	40.081024	0	0	1	12	0	0	1	0	0	-32
大兴区	写字楼	1	0	0	0	0	0	1	NULL	3168.0	11.0	116.333496	39.7637	0	1	2	3	0	0	1	0	0	-82
大兴区	写字楼	1	0	0	0	0	0	1	NULL	12249.6	11.0	116.333496	39.7637	0	1	2	3	0	0	1	0	0	-82
通州区	纯住宅	1	0	1	0	0	0	1	21717.0	4620.0	20.5	116.540375	39.750175	0	0	0	0	0	0	0	0	0	-14
通州区	纯住宅	1	1	1	0	0	0	1	21717.0	4620.0	20.5	116.540375	39.750175	0	0	0	0	0	0	0	0	0	-14
通州区	纯住宅	1	1	1	0	0	0	1	21717.0	4620.0	20.0	116.540375	39.750175	0	0	0	0	0	0	0	0	0	-14
朝阳区	纯住宅	1	0	0	0	0	0	1	68000.0	1050.0	7.0	116.37124	40.011154	0	0	1	8	0	0	94	0	0	-63
大兴区	写字楼	1	1	1	1	0	1	1	45000.0	7040.0	9.5	116.499695	39.804295	0	0	5	42	1	0	15	0	0	-30
海淀区	纯住宅	0	0	1	0	0	1	0	45000.0	1750.0	4.0	116.2329	39.95418	2	0	0	3	0	0	2	0	0	-32
丰台区	写字楼	0	1	0	0	0	0	1	50000.0	3168.0	16.0	116.38666	39.85074	0	0	1	50	0	0	19	1	0	-82
海淀区	纯住宅	0	0	0	0	0	1	0	45000.0	350.0	22.0	116.29851	39.945965	0	1	4	31	0	0	7	1	0	-102
海淀区	纯住宅	0	0	0	0	0	0	1	54000.0	700.0	18.0	116.33332	39.927525	0	0	2	10	0	0	6	0	0	-145
海淀区	写字楼	1	0	0	0	0	0	1	80000.0	21120.0	4.5	116.314804	40.03595	0	3	0	9	1	0	12	0	0	-100
丰台区	纯住宅	1	1	0	0	0	1	1	43492.0	24500.0	21.5	116.30787	39.85985	0	0	0	38	0	0	0	0	0	-51
海淀区	纯住宅	1	1	1	1	1	0	1	51120.0	4200.0	9.5	116.31874	40.056915	1	2	2	35	0	1	20	0	0	-14
海淀区	纯住宅	1	1	1	1	1	0	1	51320.0	4200.0	9.5	116.31874	40.056915	1	2	2	35	0	1	20	0	0	-14
海淀区	写字楼	NULL	NULL	NULL	NULL	NULL	NULL	NULL	NULL	3520.0	16.0	116.3151	39.987858	6	45	3	3	2	0	87	0	1	-68
朝阳区	纯住宅	0	0	0	0	0	0	1	35700.0	4200.0	23.0	116.498375	39.90074	2	5	3	7	0	0	20	0	0	-78
朝阳区	纯住宅	0	0	0	0	0	0	1	35700.0	35000.0	23.0	116.498375	39.90074	2	5	3	7	0	0	20	0	0	-78
朝阳区	纯住宅	0	0	0	0	0	0	1	35700.0	4200.0	23.0	116.498375	39.90074	2	5	3	7	0	0	20	0	0	-78
石景山	纯住宅	1	0	0	0	0	0	1	40500.0	14598.5	15.0	116.20321	39.943165	0	2	2	1	0	0	3	0	0	-34
石景山	写字楼	0	0	0	0	0	0	1	NULL	5984.0	21.0	116.19323	39.93803	3	1	5	51	0	2	38	0	0	-29
朝阳区	写字楼	1	0	0	1	0	1	1	NULL	3520.0	4.5	116.401	39.984997	27	2	3	0	0	0	2	0	0	-18
朝阳区	写字楼	1	1	1	1	0	0	0	NULL	3520.0	18.0	116.460625	39.8967	0	1	1	62	0	0	11	1	0	-311
丰台区	纯住宅	1	1	0	0	0	0	1	45000.0	1750.0	11.0	116.386086	39.843018	4	1	1	47	1	1	41	1	0	-65
大兴区	纯住宅	NULL	NULL	NULL	NULL	NULL	NULL	NULL	40000.0	7000.0	9.0	116.3128	39.76675	0	0	3	0	0	0	0	0	0	-23
丰台区	纯住宅	1	0	1	0	0	0	1	40000.0	420.0	20.0	116.437386	39.865654	0	17	2	38	0	0	46	0	0	-62
朝阳区	商住两用	1	1	1	1	1	1	0	78000.0	5940.0	28.0	116.47438	39.90927	2	15	0	25	0	0	3	0	0	-281
东城区	酒店式公寓	1	1	0	0	0	0	0	65000.0	1188.0	25.0	116.43818	39.933163	7	9	1	13	0	1	28	0	0	-169
海淀区	写字楼	NULL	NULL	NULL	NULL	NULL	NULL	NULL	51000.0	3520.0	6.0	116.30817	40.045937	0	3	0	1	0	0	40	0	0	-84
石景山	写字楼	1	0	1	0	0	0	1	NULL	3520.0	5.0	116.19323	39.93803	3	1	5	51	0	2	38	0	0	-29
大兴区	纯住宅	1	1	0	0	0	0	1	17000.0	2653.0	8.0	116.06519	39.63936	0	0	0	0	0	0	2	0	0	-7
海淀区	写字楼	1	1	1	0	0	0	0	NULL	3273.6	16.5	116.32716	39.94017	0	10	2	40	0	2	15	2	0	-40
海淀区	纯住宅	1	1	1	0	0	1	1	55000.0	252.0	5.0	116.1846	39.9248	0	5	0	8	0	0	0	0	0	-15
朝阳区	写字楼	0	0	0	0	0	0	1	NULL	9081.6	3.5	116.5432	39.893883	0	0	0	0	0	0	0	0	0	-16
朝阳区	纯住宅	0	1	0	0	0	0	1	53869.0	517.44	27.0	116.40951	39.857525	0	0	2	1	0	1	19	0	0	-44
朝阳区	纯住宅	1	1	1	1	1	0	1	46000.0	4921.0	28.0	116.447105	39.867565	0	1	3	28	0	1	4	4	0	-39
丰台区	写字楼	0	0	0	0	0	0	1	40000.0	3168.0	11.5	116.284904	39.83555	0	2	0	1	0	0	2	0	0	-67
朝阳区	酒店式公寓	1	0	1	0	0	0	0	66000.0	2455.2	16.5	116.46013	39.92667	5	16	6	46	5	0	174	0	1	-150
朝阳区	纯住宅	1	0	0	0	0	0	0	60000.0	1428.0	5.0	116.50121	39.93658	0	0	3	10	0	1	15	0	0	-35
朝阳区	纯住宅	1	1	1	1	1	1	1	60000.0	7000.0	13.0	116.47667	39.887222	0	4	2	244	0	0	30	1	0	-61
朝阳区	写字楼	0	0	0	0	0	0	1	50000.0	3484.8	10.5	116.467	39.997543	0	3	2	131	0	0	8	2	0	-105
丰台区	写字楼	1	1	1	1	0	1	1	40876.0	14080.0	22.0	116.42211	39.85754	0	1	1	34	0	0	9	1	0	-104
石景山	写字楼	1	1	1	1	0	0	1	35000.0	3520.0	5.0	116.185684	39.9109	0	0	1	0	0	0	0	0	0	-22
西城区	写字楼	1	1	1	1	1	1	1	70000.0	3520.0	8.0	116.36911	39.91855	1	19	9	22	1	0	28	3	0	-72
西城区	写字楼	1	1	1	1	1	1	1	70000.0	7040.0	8.0	116.36522	39.916943	5	27	5	14	2	0	22	2	0	-269
东城区	纯住宅	1	1	1	1	1	1	0	70000.0	3500.0	9.0	116.43818	39.933163	7	9	1	13	0	1	28	0	0	-169
西城区	写字楼	1	1	0	0	0	1	1	60000.0	3520.0	11.0	116.36505	39.915802	5	22	5	12	3	0	31	2	0	-242
丰台区	纯住宅	0	0	0	0	0	0	1	41000.0	630.0	17.0	116.427925	39.853786	0	3	3	27	0	1	24	1	0	-58
朝阳区	写字楼	1	1	0	0	0	1	1	60000.0	7040.0	3.5	116.47697	39.898758	2	10	4	23	1	0	41	0	0	-47
丰台区	纯住宅	1	1	1	0	0	0	1	48000.0	2096.84	11.0	116.25613	39.8681	0	0	1	6	0	0	2	0	0	-23
丰台区	纯住宅	1	0	1	0	1	1	1	45000.0	1523.0	14.0	116.414856	39.851723	0	0	1	15	0	0	20	1	0	-50
丰台区	纯住宅	1	1	0	0	0	0	1	55000.0	10945.0	14.0	116.34406	39.83706	0	0	1	2	0	1	2	1	0	-15
西城区	纯住宅	1	1	1	0	0	0	1	45000.0	8295.0	18.0	116.34265	39.883575	0	3	2	37	0	0	9	0	0	-46
丰台区	纯住宅	0	0	0	0	0	0	1	40000.0	2100.0	23.0	116.2923	39.861588	0	4	1	28	1	3	23	1	0	-35
丰台区	纯住宅	1	1	1	0	0	0	1	42000.0	8050.0	15.0	116.38565	39.84448	4	1	3	29	1	1	56	1	0	-94
丰台区	写字楼	1	0	0	0	0	0	0	NULL	7040.0	8.0	116.26419	39.888824	0	0	0	0	0	0	2	0	0	-70
朝阳区	纯住宅	1	1	1	1	1	0	1	60000.0	5544.0	30.0	116.46223	40.013233	2	0	1	6	1	0	3	0	0	-75
东城区	纯住宅	0	0	1	0	0	0	1	50632.0	350.0	11.5	116.42335	39.950474	33	0	3	8	1	1	74	1	0	-77
东城区	纯住宅	0	0	1	0	0	0	1	53927.0	350.0	12.0	116.428696	39.950565	4	7	1	19	0	0	45	0	0	-49
大兴区	纯住宅	1	1	1	1	1	1	1	43000.0	3077.0	18.0	116.326035	39.755848	0	0	3	20	0	0	1	0	2	-26
朝阳区	写字楼	1	0	0	0	0	0	1	NULL	3520.0	4.0	116.509865	39.90217	2	3	1	28	0	1	44	0	0	-25
西城区	写字楼	1	1	0	0	1	0	1	NULL	3520.0	12.5	116.35897	39.920635	1	2	2	42	0	0	19	1	0	-295
石景山	纯住宅	0	0	0	0	0	0	1	34000.0	1400.0	21.0	116.18965	39.923355	0	5	1	3	0	0	5	0	0	-17
丰台区	纯住宅	1	0	0	0	0	0	1	40000.0	2744.0	21.0	116.29229	39.81472	48	0	0	0	0	0	6	0	0	-15
朝阳区	纯住宅	0	0	0	0	0	0	1	45000.0	700.0	9.5	116.43824	39.966736	0	8	4	44	0	1	27	1	0	-61
朝阳区	商住两用	1	1	1	1	1	1	1	60000.0	6600.0	14.0	116.46142	39.89346	0	0	1	91	0	3	21	1	0	-203
顺义区	写字楼	0	0	0	0	0	1	1	40000.0	3520.0	4.0	116.55671	40.108166	0	0	6	30	0	0	6	0	0	-8
海淀区	写字楼	1	0	0	0	0	1	1	35009.0	3520.0	8.0	116.31052	39.963264	2	3	1	19	0	0	19	0	3	-68
通州区	纯住宅	1	1	0	1	1	0	1	20000.0	20300.0	21.0	116.69025	39.94555	0	0	1	3	0	0	6	0	0	0
海淀区	纯住宅	1	0	0	0	0	0	1	46000.0	5250.0	9.5	116.25456	39.921543	0	2	2	40	0	0	4	2	1	-34
海淀区	写字楼	0	0	0	0	0	0	1	NULL	3379.2	8.5	116.34401	40.032593	0	2	1	13	0	0	6	0	0	-20
西城区	纯住宅	1	1	1	1	1	0	1	71236.0	1050.0	19.0	116.37955	39.965134	2	11	1	28	0	0	31	1	1	-89
昌平区	纯住宅	0	1	0	1	0	0	1	45000.0	8662.5	12.0	116.340744	40.08226	0	1	5	64	2	0	40	0	0	-64
朝阳区	写字楼	0	1	0	0	0	0	0	NULL	7040.0	32.0	116.45726	39.957237	0	1	0	36	0	2	34	1	0	-216
通州区	纯住宅	1	1	1	0	0	1	0	21600.0	2695.0	22.0	116.69163	39.93481	0	0	6	6	0	0	22	0	0	-11
朝阳区	纯住宅	1	0	0	0	0	0	1	40000.0	1750.0	11.5	116.42034	39.9843	3	3	1	30	0	1	14	0	0	-32
朝阳区	纯住宅	1	1	1	1	1	1	1	40000.0	9765.0	10.0	116.447105	39.867565	0	1	3	28	0	1	4	4	0	-39
西城区	写字楼	1	1	1	1	1	1	0	NULL	3449.6	15.0	116.341324	39.888813	1	0	3	41	1	2	24	3	0	-231
海淀区	写字楼	0	0	0	0	0	0	1	NULL	2816.0	6.0	116.31163	40.02965	0	0	1	1	0	0	7	0	0	-43
朝阳区	写字楼	1	0	1	0	1	1	1	NULL	3520.0	15.5	116.42433	39.987072	0	2	3	35	0	2	31	1	0	-138
朝阳区	写字楼	1	1	0	0	0	0	1	19800.0	7040.0	14.0	116.60785	39.92606	0	0	0	1	0	0	1	0	0	-29
